0.000000
0.000000
0.000000
0.000000
0.000000
0.000000
0.000000
0.000000
0.000000
0.000000
0.000000
0.000000
0.000000
0.000000
0.000000
0.000000
0.000000
0.000000
0.000000
0.000000
0.000000
0.000000
0.000000
0.000000
0.000000
0.000000
0.000000
0.000000
0.000000
0.000000
0.000000
0.000000
0.000000
0.000000
0.000124
0.000124
0.000124
0.000124
0.000124
0.000124
0.000124
0.000124
0.000124
0.000124
0.000124
0.000124
0.000124
0.000124
0.000124
0.000124
0.000124
0.000124
0.000124
0.000124
0.000124
0.000124
0.000124
0.000124
0.000124
0.000124
0.000124
0.000124
0.000124
0.000124
0.000124
0.000124
0.000124
0.000124
0.000124
0.000124
0.000124
0.000124
0.000124
0.000124
0.000124
0.000124
0.000124
0.000124
0.000124
0.000124
0.000124
0.000124
0.000124
0.000124
0.000124
0.000124
0.000124
0.000124
0.000124
0.000124
0.000124
0.000124
0.000124
0.000124
0.000124
0.000124
0.000124
0.000124
0.000124
0.000124
0.000124
0.000124
0.000124
0.000124
0.000124
0.000124
0.000124
0.000124
0.000124
0.000124
0.000124
0.000124
0.000124
0.000124
0.000124
0.000124
0.000124
0.000124
0.000124
0.000124
0.000124
0.000124
0.000124
0.000124
0.000124
0.000124
0.000124
0.000124
0.000124
0.000124
0.000124
0.000124
0.000124
0.000124
0.000124
0.000124
0.000124
0.000124
0.000124
0.000124
0.000124
0.000124
0.000124
0.000124
0.000124
0.000124
0.000124
0.000124
0.000124
0.000124
0.000124
0.000124
0.000124
0.000124
0.000124
0.000124
0.000124
0.000124
0.000124
0.000124
0.000124
0.000124
0.000124
0.000248
0.000372
0.000496
0.000496
0.000496
0.000496
0.000496
0.000496
0.000496
0.000496
0.000496
0.000496
0.000496
0.000496
0.000496
0.000496
0.000496
0.000496
0.000496
0.000496
0.000496
0.000496
0.000496
0.000496
0.000496
0.000496
0.000496
0.000496
0.000496
0.000496
0.000496
0.000496
0.000496
0.000496
0.000496
0.000496
0.000496
0.000496
0.000496
0.000496
0.000496
0.000496
0.000496
0.000496
0.000496
0.000496
0.000496
0.000496
0.000496
0.000496
0.000496
0.000496
0.000496
0.000496
0.000496
0.000496
0.000496
0.000496
0.000496
0.000496
0.000496
0.000496
0.000496
0.000496
0.000496
0.000496
0.000496
0.000496
0.000496
0.000620
0.000743
0.000867
0.000991
0.001115
0.001239
0.001363
0.001363
0.001363
0.001363
0.001363
0.001363
0.001363
0.001363
0.001363
0.001363
0.001363
0.001363
0.001363
0.001363
0.001363
0.001363
0.001363
0.001363
0.001363
0.001363
0.001363
0.001363
0.001363
0.001363
0.001363
0.001363
0.001363
0.001363
0.001363
0.001363
0.001363
0.001363
0.001363
0.001363
0.001363
0.001363
0.001363
0.001363
0.001363
0.001363
0.001363
0.001363
0.001363
0.001363
0.001363
0.001363
0.001363
0.001363
0.001363
0.001363
0.001363
0.001363
0.001363
0.001363
0.001363
0.001363
0.001363
0.001363
0.001363
0.001363
0.001363
0.001363
0.001363
0.001363
0.001363
0.001363
0.001363
0.001363
0.001363
0.001363
0.001363
0.001363
0.001363
0.001363
0.001363
0.001363
0.001363
0.001363
0.001363
0.001363
0.001363
0.001363
0.001363
0.001363
0.001363
0.001363
0.001363
0.001363
0.001363
0.001363
0.001363
0.001363
0.001363
0.001363
0.001363
0.001363
0.001363
0.001363
0.001363
0.001363
0.001363
0.001363
0.001363
0.001363
0.001363
0.001363
0.001363
0.001363
0.001363
0.001363
0.001363
0.001363
0.001363
0.001363
0.001363
0.001363
0.001363
0.001363
0.001363
0.001363
0.001363
0.001487
0.001611
0.001735
0.001859
0.001983
0.002107
0.002230
0.002354
0.002478
0.002478
0.002478
0.002478
0.002478
0.002478
0.002478
0.002478
0.002478
0.002478
0.002478
0.002478
0.002478
0.002478
0.002478
0.002478
0.002478
0.002478
0.002478
0.002478
0.002478
0.002478
0.002478
0.002478
0.002478
0.002478
0.002478
0.002478
0.002478
0.002478
0.002478
0.002478
0.002478
0.002478
0.002478
0.002478
0.002478
0.002478
0.002478
0.002478
0.002478
0.002478
0.002478
0.002478
0.002478
0.002478
0.002478
0.002478
0.002478
0.002478
0.002478
0.002478
0.002478
0.002478
0.002478
0.002478
0.002478
0.002478
0.002478
0.002478
0.002478
0.002478
0.002478
0.002478
0.002478
0.002602
0.002726
0.002850
0.002974
0.003098
0.003222
0.003346
0.003470
0.003594
0.003717
0.003717
0.003717
0.003717
0.003717
0.003717
0.003717
0.003717
0.003717
0.003717
0.003717
0.003717
0.003717
0.003717
0.003717
0.003717
0.003717
0.003717
0.003717
0.003717
0.003717
0.003717
0.003717
0.003717
0.003717
0.003717
0.003717
0.003717
0.003717
0.003717
0.003717
0.003717
0.003717
0.003717
0.003717
0.003717
0.003717
0.003717
0.003717
0.003717
0.003717
0.003717
0.003717
0.003717
0.003717
0.003717
0.003717
0.003717
0.003717
0.003717
0.003717
0.003717
0.003717
0.003717
0.003717
0.003717
0.003717
0.003717
0.003717
0.003717
0.003717
0.003717
0.003717
0.003717
0.003717
0.003717
0.003717
0.003717
0.003717
0.003717
0.003717
0.003717
0.003717
0.003717
0.003717
0.003717
0.003717
0.003717
0.003717
0.003717
0.003717
0.003717
0.003717
0.003717
0.003717
0.003717
0.003717
0.003717
0.003717
0.003717
0.003717
0.003717
0.003717
0.003717
0.003717
0.003717
0.003717
0.003717
0.003717
0.003717
0.003717
0.003717
0.003717
0.003717
0.003717
0.003717
0.003717
0.003717
0.003717
0.003717
0.003717
0.003717
0.003717
0.003717
0.003717
0.003717
0.003841
0.003965
0.004089
0.004213
0.004337
0.004461
0.004585
0.004709
0.004833
0.004957
0.005081
0.005204
0.005204
0.005204
0.005204
0.005204
0.005204
0.005204
0.005204
0.005204
0.005204
0.005204
0.005204
0.005204
0.005204
0.005204
0.005204
0.005204
0.005204
0.005204
0.005204
0.005204
0.005204
0.005204
0.005204
0.005204
0.005204
0.005204
0.005204
0.005204
0.005204
0.005204
0.005204
0.005204
0.005204
0.005204
0.005204
0.005204
0.005204
0.005204
0.005204
0.005204
0.005204
0.005204
0.005204
0.005204
0.005204
0.005204
0.005204
0.005204
0.005204
0.005204
0.005204
0.005204
0.005204
0.005204
0.005204
0.005204
0.005204
0.005204
0.005204
0.005204
0.005204
0.005328
0.005452
0.005576
0.005700
0.005824
0.005948
0.006072
0.006196
0.006320
0.006444
0.006568
0.006691
0.006815
0.006939
0.007063
0.007063
0.007063
0.007063
0.007063
0.007063
0.007063
0.007063
0.007063
0.007063
0.007063
0.007063
0.007063
0.007063
0.007063
0.007063
0.007063
0.007063
0.007063
0.007063
0.007063
0.007063
0.007063
0.007063
0.007063
0.007063
0.007063
0.007063
0.007063
0.007063
0.007063
0.007063
0.007063
0.007063
0.007063
0.007063
0.007063
0.007063
0.007063
0.007063
0.007063
0.007063
0.007063
0.007063
0.007063
0.007063
0.007063
0.007063
0.007063
0.007063
0.007063
0.007063
0.007063
0.007063
0.007063
0.007063
0.007063
0.007063
0.007063
0.007063
0.007063
0.007063
0.007063
0.007063
0.007063
0.007063
0.007063
0.007063
0.007063
0.007063
0.007063
0.007063
0.007063
0.007063
0.007063
0.007063
0.007063
0.007063
0.007063
0.007063
0.007063
0.007063
0.007063
0.007063
0.007063
0.007063
0.007063
0.007063
0.007063
0.007063
0.007063
0.007063
0.007063
0.007063
0.007063
0.007063
0.007063
0.007063
0.007063
0.007063
0.007063
0.007063
0.007063
0.007063
0.007063
0.007063
0.007063
0.007063
0.007063
0.007187
0.007311
0.007435
0.007559
0.007683
0.007807
0.007931
0.008055
0.008178
0.008302
0.008426
0.008550
0.008674
0.008798
0.008922
0.009046
0.009170
0.009170
0.009170
0.009170
0.009170
0.009170
0.009170
0.009170
0.009170
0.009170
0.009170
0.009170
0.009170
0.009170
0.009170
0.009170
0.009170
0.009170
0.009170
0.009170
0.009170
0.009170
0.009170
0.009170
0.009170
0.009170
0.009170
0.009170
0.009170
0.009170
0.009170
0.009170
0.009170
0.009170
0.009170
0.009170
0.009170
0.009170
0.009170
0.009170
0.009170
0.009170
0.009170
0.009170
0.009170
0.009170
0.009170
0.009170
0.009170
0.009170
0.009170
0.009170
0.009170
0.009170
0.009170
0.009170
0.009170
0.009170
0.009170
0.009170
0.009294
0.009418
0.009542
0.009665
0.009789
0.009913
0.010037
0.010161
0.010285
0.010409
0.010533
0.010657
0.010781
0.010905
0.011029
0.011152
0.011276
0.011276
0.011276
0.011276
0.011276
0.011276
0.011276
0.011276
0.011276
0.011276
0.011276
0.011276
0.011276
0.011276
0.011276
0.011276
0.011276
0.011276
0.011276
0.011276
0.011276
0.011276
0.011276
0.011276
0.011276
0.011276
0.011276
0.011276
0.011276
0.011276
0.011276
0.011276
0.011276
0.011276
0.011276
0.011276
0.011276
0.011276
0.011276
0.011276
0.011276
0.011276
0.011276
0.011276
0.011276
0.011276
0.011276
0.011276
0.011276
0.011276
0.011276
0.011276
0.011276
0.011276
0.011276
0.011276
0.011276
0.011276
0.011276
0.011276
0.011276
0.011276
0.011276
0.011276
0.011276
0.011276
0.011276
0.011276
0.011276
0.011276
0.011276
0.011276
0.011276
0.011276
0.011276
0.011276
0.011276
0.011276
0.011276
0.011276
0.011276
0.011276
0.011276
0.011276
0.011276
0.011276
0.011276
0.011276
0.011276
0.011276
0.011276
0.011276
0.011276
0.011276
0.011276
0.011276
0.011276
0.011276
0.011276
0.011276
0.011276
0.011276
0.011276
0.011276
0.011276
0.011400
0.011524
0.011648
0.011772
0.011896
0.012020
0.012144
0.012268
0.012392
0.012515
0.012639
0.012763
0.012887
0.013011
0.013135
0.013259
0.013383
0.013507
0.013631
0.013755
0.013879
0.014002
0.014126
0.014126
0.014126
0.014126
0.014126
0.014126
0.014126
0.014126
0.014126
0.014126
0.014126
0.014126
0.014126
0.014126
0.014126
0.014126
0.014126
0.014126
0.014126
0.014126
0.014126
0.014126
0.014126
0.014126
0.014126
0.014126
0.014126
0.014126
0.014126
0.014126
0.014126
0.014126
0.014126
0.014126
0.014126
0.014126
0.014126
0.014126
0.014126
0.014126
0.014126
0.014126
0.014126
0.014126
0.014126
0.014126
0.014126
0.014126
0.014126
0.014126
0.014126
0.014126
0.014126
0.014126
0.014126
0.014250
0.014374
0.014498
0.014622
0.014746
0.014870
0.014994
0.015118
0.015242
0.015366
0.015489
0.015613
0.015737
0.015861
0.015985
0.016109
0.016233
0.016357
0.016481
0.016605
0.016729
0.016853
0.016976
0.016976
0.016976
0.016976
0.016976
0.016976
0.016976
0.016976
0.016976
0.016976
0.016976
0.016976
0.016976
0.016976
0.016976
0.016976
0.016976
0.016976
0.016976
0.016976
0.016976
0.016976
0.016976
0.016976
0.016976
0.016976
0.016976
0.016976
0.016976
0.016976
0.016976
0.016976
0.016976
0.016976
0.016976
0.016976
0.016976
0.016976
0.016976
0.016976
0.016976
0.016976
0.016976
0.016976
0.016976
0.016976
0.016976
0.016976
0.016976
0.016976
0.016976
0.016976
0.016976
0.016976
0.016976
0.016976
0.016976
0.016976
0.016976
0.016976
0.016976
0.016976
0.016976
0.016976
0.016976
0.016976
0.016976
0.016976
0.016976
0.016976
0.016976
0.016976
0.016976
0.016976
0.016976
0.016976
0.016976
0.016976
0.016976
0.016976
0.016976
0.016976
0.016976
0.016976
0.016976
0.016976
0.016976
0.016976
0.016976
0.016976
0.016976
0.016976
0.016976
0.016976
0.016976
0.016976
0.016976
0.016976
0.016976
0.017100
0.017224
0.017348
0.017472
0.017596
0.017720
0.017844
0.017968
0.018092
0.018216
0.018340
0.018463
0.018587
0.018711
0.018835
0.018959
0.019083
0.019207
0.019331
0.019455
0.019579
0.019703
0.019827
0.019950
0.020074
0.020074
0.020074
0.020074
0.020074
0.020074
0.020074
0.020074
0.020074
0.020074
0.020074
0.020074
0.020074
0.020074
0.020074
0.020074
0.020074
0.020074
0.020074
0.020074
0.020074
0.020074
0.020074
0.020074
0.020074
0.020074
0.020074
0.020074
0.020074
0.020074
0.020074
0.020074
0.020074
0.020074
0.020074
0.020074
0.020074
0.020074
0.020074
0.020074
0.020074
0.020074
0.020074
0.020074
0.020074
0.020074
0.020074
0.020074
0.020074
0.020074
0.020074
0.020074
0.020074
0.020074
0.020198
0.020322
0.020446
0.020570
0.020694
0.020818
0.020942
0.021066
0.021190
0.021314
0.021437
0.021561
0.021685
0.021809
0.021933
0.022057
0.022181
0.022305
0.022429
0.022553
0.022677
0.022800
0.022924
0.023048
0.023172
0.023296
0.023420
0.023420
0.023420
0.023420
0.023420
0.023420
0.023420
0.023420
0.023420
0.023420
0.023420
0.023420
0.023420
0.023420
0.023420
0.023420
0.023420
0.023420
0.023420
0.023420
0.023420
0.023420
0.023420
0.023420
0.023420
0.023420
0.023420
0.023420
0.023420
0.023420
0.023420
0.023420
0.023420
0.023420
0.023420
0.023420
0.023420
0.023420
0.023420
0.023420
0.023420
0.023420
0.023420
0.023420
0.023420
0.023420
0.023420
0.023420
0.023420
0.023420
0.023420
0.023420
0.023420
0.023420
0.023420
0.023420
0.023420
0.023420
0.023420
0.023420
0.023420
0.023420
0.023420
0.023420
0.023420
0.023420
0.023420
0.023420
0.023420
0.023420
0.023420
0.023420
0.023420
0.023420
0.023420
0.023420
0.023420
0.023420
0.023420
0.023420
0.023420
0.023420
0.023420
0.023420
0.023420
0.023420
0.023420
0.023420
0.023420
0.023420
0.023420
0.023420
0.023544
0.023668
0.023792
0.023916
0.024040
0.024164
0.024287
0.024411
0.024535
0.024659
0.024783
0.024907
0.025031
0.025155
0.025279
0.025403
0.025527
0.025651
0.025774
0.025898
0.026022
0.026146
0.026270
0.026394
0.026518
0.026642
0.026766
0.026890
0.027014
0.027138
0.027261
0.027261
0.027261
0.027261
0.027261
0.027261
0.027261
0.027261
0.027261
0.027261
0.027261
0.027261
0.027261
0.027261
0.027261
0.027261
0.027261
0.027261
0.027261
0.027261
0.027261
0.027261
0.027261
0.027261
0.027261
0.027261
0.027261
0.027261
0.027261
0.027261
0.027261
0.027261
0.027261
0.027261
0.027261
0.027261
0.027261
0.027261
0.027261
0.027261
0.027261
0.027261
0.027261
0.027261
0.027261
0.027261
0.027261
0.027261
0.027261
0.027261
0.027261
0.027385
0.027509
0.027633
0.027757
0.027881
0.028005
0.028129
0.028253
0.028377
0.028501
0.028625
0.028748
0.028872
0.028996
0.029120
0.029244
0.029368
0.029492
0.029616
0.029740
0.029864
0.029988
0.030112
0.030235
0.030359
0.030483
0.030607
0.030731
0.030855
0.030979
0.030979
0.031103
0.031103
0.031103
0.031103
0.031103
0.031103
0.031103
0.031103
0.031103
0.031103
0.031103
0.031103
0.031103
0.031103
0.031103
0.031103
0.031103
0.031103
0.031103
0.031103
0.031103
0.031103
0.031103
0.031103
0.031103
0.031103
0.031103
0.031103
0.031103
0.031103
0.031103
0.031103
0.031103
0.031103
0.031103
0.031103
0.031103
0.031103
0.031103
0.031103
0.031103
0.031103
0.031103
0.031103
0.031103
0.031103
0.031103
0.031103
0.031103
0.031103
0.031103
0.031103
0.031103
0.031103
0.031103
0.031103
0.031103
0.031103
0.031103
0.031103
0.031103
0.031103
0.031103
0.031103
0.031103
0.031103
0.031103
0.031103
0.031103
0.031103
0.031103
0.031103
0.031103
0.031103
0.031103
0.031103
0.031103
0.031103
0.031103
0.031103
0.031103
0.031103
0.031103
0.031103
0.031103
0.031103
0.031227
0.031351
0.031475
0.031599
0.031722
0.031846
0.031970
0.032094
0.032218
0.032342
0.032466
0.032590
0.032714
0.032838
0.032962
0.033086
0.033209
0.033333
0.033457
0.033581
0.033705
0.033829
0.033953
0.034077
0.034201
0.034325
0.034449
0.034572
0.034696
0.034820
0.034944
0.035068
0.035192
0.035316
0.035316
0.035316
0.035316
0.035316
0.035316
0.035316
0.035316
0.035316
0.035316
0.035316
0.035316
0.035316
0.035316
0.035316
0.035316
0.035316
0.035316
0.035316
0.035316
0.035316
0.035316
0.035316
0.035316
0.035316
0.035316
0.035316
0.035316
0.035316
0.035316
0.035316
0.035316
0.035316
0.035316
0.035316
0.035316
0.035316
0.035316
0.035316
0.035316
0.035316
0.035316
0.035316
0.035316
0.035316
0.035316
0.035316
0.035440
0.035564
0.035688
0.035812
0.035936
0.036059
0.036183
0.036307
0.036431
0.036555
0.036679
0.036803
0.036927
0.037051
0.037175
0.037299
0.037423
0.037546
0.037670
0.037794
0.037918
0.038042
0.038166
0.038290
0.038414
0.038538
0.038662
0.038786
0.038910
0.039033
0.039157
0.039281
0.039405
0.039529
0.039653
0.039777
0.039901
0.039901
0.039901
0.039901
0.039901
0.039901
0.039901
0.039901
0.039901
0.039901
0.039901
0.039901
0.039901
0.039901
0.039901
0.039901
0.039901
0.039901
0.039901
0.039901
0.039901
0.039901
0.039901
0.039901
0.039901
0.039901
0.039901
0.039901
0.039901
0.039901
0.039901
0.039901
0.039901
0.039901
0.039901
0.039901
0.039901
0.039901
0.039901
0.039901
0.039901
0.039901
0.039901
0.039901
0.039901
0.039901
0.039901
0.039901
0.039901
0.039901
0.039901
0.039901
0.039901
0.039901
0.039901
0.039901
0.039901
0.039901
0.039901
0.039901
0.039901
0.039901
0.039901
0.039901
0.039901
0.039901
0.039901
0.039901
0.039901
0.039901
0.039901
0.039901
0.039901
0.039901
0.039901
0.039901
0.039901
0.039901
0.039901
0.039901
0.039901
0.040025
0.040149
0.040273
0.040397
0.040520
0.040644
0.040768
0.040892
0.041016
0.041140
0.041264
0.041388
0.041512
0.041636
0.041760
0.041884
0.042007
0.042131
0.042255
0.042379
0.042503
0.042627
0.042751
0.042875
0.042999
0.043123
0.043247
0.043371
0.043494
0.043618
0.043742
0.043866
0.043990
0.044114
0.044238
0.044362
0.044486
0.044610
0.044734
0.044734
0.044734
0.044734
0.044734
0.044734
0.044734
0.044734
0.044734
0.044734
0.044734
0.044734
0.044734
0.044734
0.044734
0.044734
0.044734
0.044734
0.044734
0.044734
0.044734
0.044734
0.044734
0.044734
0.044734
0.044734
0.044734
0.044734
0.044734
0.044734
0.044734
0.044734
0.044734
0.044734
0.044734
0.044734
0.044734
0.044734
0.044734
0.044734
0.044734
0.044734
0.044734
0.044734
0.044734
0.044857
0.044981
0.045105
0.045229
0.045353
0.045477
0.045601
0.045725
0.045849
0.045973
0.046097
0.046221
0.046344
0.046468
0.046592
0.046716
0.046840
0.046964
0.047088
0.047212
0.047336
0.047460
0.047584
0.047708
0.047831
0.047955
0.048079
0.048203
0.048327
0.048451
0.048575
0.048699
0.048823
0.048947
0.049071
0.049195
0.049318
0.049442
0.049566
0.049690
0.049690
0.049690
0.049690
0.049690
0.049690
0.049690
0.049690
0.049690
0.049690
0.049690
0.049690
0.049690
0.049690
0.049690
0.049690
0.049690
0.049690
0.049690
0.049690
0.049690
0.049690
0.049690
0.049690
0.049690
0.049690
0.049690
0.049690
0.049690
0.049690
0.049690
0.049690
0.049690
0.049690
0.049690
0.049690
0.049690
0.049690
0.049690
0.049690
0.049690
0.049690
0.049690
0.049690
0.049690
0.049690
0.049690
0.049690
0.049690
0.049690
0.049690
0.049690
0.049690
0.049690
0.049690
0.049690
0.049690
0.049690
0.049690
0.049690
0.049690
0.049690
0.049690
0.049690
0.049690
0.049690
0.049690
0.049690
0.049690
0.049690
0.049690
0.049690
0.049690
0.049690
0.049690
0.049690
0.049814
0.049938
0.050062
0.050186
0.050310
0.050434
0.050558
0.050682
0.050805
0.050929
0.051053
0.051177
0.051301
0.051425
0.051549
0.051673
0.051797
0.051921
0.052045
0.052169
0.052292
0.052416
0.052540
0.052664
0.052788
0.052912
0.053036
0.053160
0.053284
0.053408
0.053532
0.053656
0.053779
0.053903
0.054027
0.054151
0.054275
0.054399
0.054523
0.054647
0.054771
0.054771
0.054895
0.054895
0.054895
0.054895
0.054895
0.054895
0.054895
0.054895
0.054895
0.054895
0.054895
0.054895
0.054895
0.054895
0.054895
0.054895
0.054895
0.054895
0.054895
0.054895
0.054895
0.054895
0.054895
0.054895
0.054895
0.054895
0.054895
0.054895
0.054895
0.054895
0.054895
0.054895
0.054895
0.054895
0.054895
0.054895
0.054895
0.054895
0.054895
0.054895
0.054895
0.055019
0.055143
0.055266
0.055390
0.055514
0.055638
0.055762
0.055886
0.056010
0.056134
0.056258
0.056382
0.056506
0.056629
0.056753
0.056877
0.057001
0.057125
0.057249
0.057373
0.057497
0.057621
0.057745
0.057869
0.057993
0.058116
0.058240
0.058364
0.058488
0.058612
0.058736
0.058860
0.058984
0.059108
0.059232
0.059356
0.059480
0.059603
0.059727
0.059851
0.059975
0.060099
0.060223
0.060347
0.060471
0.060471
0.060471
0.060471
0.060471
0.060471
0.060471
0.060471
0.060471
0.060471
0.060471
0.060471
0.060471
0.060471
0.060471
0.060471
0.060471
0.060471
0.060471
0.060471
0.060471
0.060471
0.060471
0.060471
0.060471
0.060471
0.060471
0.060471
0.060471
0.060471
0.060471
0.060471
0.060471
0.060471
0.060471
0.060471
0.060471
0.060471
0.060471
0.060471
0.060471
0.060471
0.060471
0.060471
0.060471
0.060471
0.060471
0.060471
0.060471
0.060471
0.060471
0.060471
0.060471
0.060471
0.060471
0.060471
0.060471
0.060471
0.060471
0.060471
0.060471
0.060471
0.060471
0.060471
0.060471
0.060471
0.060471
0.060471
0.060471
0.060471
0.060595
0.060719
0.060843
0.060967
0.061090
0.061214
0.061338
0.061462
0.061586
0.061710
0.061834
0.061958
0.062082
0.062206
0.062330
0.062454
0.062577
0.062701
0.062825
0.062949
0.063073
0.063197
0.063321
0.063445
0.063569
0.063693
0.063817
0.063941
0.064064
0.064188
0.064312
0.064436
0.064560
0.064684
0.064808
0.064932
0.065056
0.065180
0.065304
0.065428
0.065551
0.065675
0.065799
0.065923
0.066047
0.066171
0.066171
0.066171
0.066171
0.066171
0.066171
0.066171
0.066171
0.066171
0.066171
0.066171
0.066171
0.066171
0.066171
0.066171
0.066171
0.066171
0.066171
0.066171
0.066171
0.066171
0.066171
0.066171
0.066171
0.066171
0.066171
0.066171
0.066171
0.066171
0.066171
0.066171
0.066171
0.066171
0.066171
0.066171
0.066171
0.066171
0.066171
0.066171
0.066171
0.066295
0.066419
0.066543
0.066667
0.066791
0.066914
0.067038
0.067162
0.067286
0.067410
0.067534
0.067658
0.067782
0.067906
0.068030
0.068154
0.068278
0.068401
0.068525
0.068649
0.068773
0.068897
0.069021
0.069145
0.069269
0.069393
0.069517
0.069641
0.069765
0.069888
0.070012
0.070136
0.070260
0.070384
0.070508
0.070632
0.070756
0.070880
0.071004
0.071128
0.071252
0.071375
0.071499
0.071623
0.071747
0.071871
0.071995
0.072119
0.072243
0.072367
0.072367
0.072367
0.072367
0.072367
0.072367
0.072367
0.072367
0.072367
0.072367
0.072367
0.072367
0.072367
0.072367
0.072367
0.072367
0.072367
0.072367
0.072367
0.072367
0.072367
0.072367
0.072367
0.072367
0.072367
0.072367
0.072367
0.072367
0.072367
0.072367
0.072367
0.072367
0.072367
0.072367
0.072367
0.072367
0.072367
0.072367
0.072367
0.072367
0.072367
0.072367
0.072367
0.072367
0.072367
0.072367
0.072367
0.072367
0.072367
0.072367
0.072367
0.072367
0.072367
0.072367
0.072367
0.072367
0.072367
0.072367
0.072367
0.072367
0.072367
0.072367
0.072367
0.072491
0.072615
0.072739
0.072862
0.072986
0.073110
0.073234
0.073358
0.073482
0.073606
0.073730
0.073854
0.073978
0.074102
0.074226
0.074349
0.074473
0.074597
0.074721
0.074845
0.074969
0.075093
0.075217
0.075341
0.075465
0.075589
0.075713
0.075836
0.075960
0.076084
0.076208
0.076332
0.076456
0.076580
0.076704
0.076828
0.076952
0.077076
0.077200
0.077323
0.077447
0.077571
0.077695
0.077819
0.077943
0.078067
0.078191
0.078315
0.078439
0.078563
0.078686
0.078686
0.078686
0.078686
0.078686
0.078686
0.078686
0.078686
0.078686
0.078686
0.078686
0.078686
0.078686
0.078686
0.078686
0.078686
0.078686
0.078686
0.078686
0.078686
0.078686
0.078686
0.078686
0.078686
0.078686
0.078686
0.078686
0.078686
0.078686
0.078686
0.078686
0.078686
0.078686
0.078686
0.078686
0.078686
0.078686
0.078810
0.078934
0.079058
0.079182
0.079306
0.079430
0.079554
0.079678
0.079802
0.079926
0.080050
0.080173
0.080297
0.080421
0.080545
0.080669
0.080793
0.080917
0.081041
0.081165
0.081289
0.081413
0.081537
0.081660
0.081784
0.081908
0.082032
0.082156
0.082280
0.082404
0.082528
0.082652
0.082776
0.082900
0.083024
0.083147
0.083271
0.083395
0.083519
0.083643
0.083767
0.083891
0.084015
0.084139
0.084263
0.084387
0.084511
0.084634
0.084758
0.084882
0.085006
0.085130
0.085254
0.085378
0.085378
0.085378
0.085378
0.085378
0.085378
0.085378
0.085378
0.085378
0.085378
0.085378
0.085378
0.085378
0.085378
0.085378
0.085378
0.085378
0.085378
0.085378
0.085378
0.085378
0.085378
0.085378
0.085378
0.085378
0.085378
0.085378
0.085378
0.085378
0.085378
0.085378
0.085378
0.085378
0.085378
0.085378
0.085378
0.085378
0.085378
0.085378
0.085378
0.085378
0.085378
0.085378
0.085378
0.085378
0.085378
0.085378
0.085378
0.085378
0.085378
0.085378
0.085378
0.085378
0.085378
0.085378
0.085502
0.085502
0.085626
0.085750
0.085874
0.085998
0.086121
0.086245
0.086369
0.086493
0.086617
0.086741
0.086865
0.086989
0.087113
0.087237
0.087361
0.087485
0.087608
0.087732
0.087856
0.087980
0.088104
0.088228
0.088352
0.088476
0.088600
0.088724
0.088848
0.088971
0.089095
0.089219
0.089343
0.089467
0.089591
0.089715
0.089839
0.089963
0.090087
0.090211
0.090335
0.090458
0.090582
0.090706
0.090830
0.090954
0.091078
0.091202
0.091326
0.091450
0.091574
0.091698
0.091822
0.091945
0.092069
0.092193
0.092317
0.092441
0.092441
0.092441
0.092441
0.092441
0.092441
0.092441
0.092441
0.092441
0.092441
0.092441
0.092441
0.092441
0.092441
0.092441
0.092441
0.092441
0.092441
0.092441
0.092441
0.092441
0.092441
0.092441
0.092441
0.092441
0.092441
0.092441
0.092441
0.092441
0.092441
0.092441
0.092441
0.092441
0.092565
0.092689
0.092813
0.092937
0.093061
0.093185
0.093309
0.093432
0.093556
0.093680
0.093804
0.093928
0.094052
0.094176
0.094300
0.094424
0.094548
0.094672
0.094796
0.094919
0.095043
0.095167
0.095291
0.095415
0.095539
0.095663
0.095787
0.095911
0.096035
0.096159
0.096283
0.096406
0.096530
0.096654
0.096778
0.096902
0.097026
0.097150
0.097274
0.097398
0.097522
0.097646
0.097770
0.097893
0.098017
0.098141
0.098265
0.098389
0.098513
0.098637
0.098761
0.098885
0.099009
0.099133
0.099257
0.099380
0.099504
0.099628
0.099752
0.099752
0.099752
0.099752
0.099752
0.099752
0.099752
0.099752
0.099752
0.099752
0.099752
0.099752
0.099752
0.099752
0.099752
0.099752
0.099752
0.099752
0.099752
0.099752
0.099752
0.099752
0.099752
0.099752
0.099752
0.099752
0.099752
0.099752
0.099752
0.099752
0.099752
0.099752
0.099752
0.099752
0.099752
0.099752
0.099752
0.099752
0.099752
0.099752
0.099752
0.099752
0.099752
0.099752
0.099752
0.099752
0.099752
0.099752
0.099752
0.099752
0.099876
0.100000
0.100124
0.100248
0.100372
0.100496
0.100620
0.100743
0.100867
0.100991
0.101115
0.101239
0.101363
0.101487
0.101611
0.101735
0.101859
0.101983
0.102107
0.102230
0.102354
0.102478
0.102602
0.102726
0.102850
0.102974
0.103098
0.103222
0.103346
0.103470
0.103594
0.103717
0.103841
0.103965
0.104089
0.104213
0.104337
0.104461
0.104585
0.104709
0.104833
0.104957
0.105081
0.105204
0.105328
0.105452
0.105576
0.105700
0.105824
0.105948
0.106072
0.106196
0.106320
0.106444
0.106568
0.106691
0.106815
0.106939
0.107063
0.107187
0.107187
0.107187
0.107187
0.107187
0.107187
0.107187
0.107187
0.107187
0.107187
0.107187
0.107187
0.107187
0.107187
0.107187
0.107187
0.107187
0.107187
0.107187
0.107187
0.107187
0.107187
0.107187
0.107187
0.107187
0.107187
0.107187
0.107187
0.107187
0.107187
0.107187
0.107187
0.107311
0.107435
0.107559
0.107683
0.107807
0.107931
0.108055
0.108178
0.108302
0.108426
0.108550
0.108674
0.108798
0.108922
0.109046
0.109170
0.109294
0.109418
0.109542
0.109665
0.109789
0.109913
0.110037
0.110161
0.110285
0.110409
0.110533
0.110657
0.110781
0.110905
0.111029
0.111152
0.111276
0.111400
0.111524
0.111648
0.111772
0.111896
0.112020
0.112144
0.112268
0.112392
0.112515
0.112639
0.112763
0.112887
0.113011
0.113135
0.113259
0.113383
0.113507
0.113631
0.113755
0.113879
0.114002
0.114126
0.114250
0.114374
0.114498
0.114622
0.114746
0.114746
0.114870
0.114870
0.114870
0.114870
0.114870
0.114870
0.114870
0.114870
0.114870
0.114870
0.114870
0.114870
0.114870
0.114870
0.114870
0.114870
0.114870
0.114870
0.114870
0.114870
0.114870
0.114870
0.114870
0.114870
0.114870
0.114870
0.114870
0.114870
0.114870
0.114870
0.114870
0.114870
0.114870
0.114870
0.114870
0.114870
0.114870
0.114870
0.114870
0.114870
0.114870
0.114870
0.114870
0.114870
0.114870
0.114994
0.115118
0.115242
0.115366
0.115489
0.115613
0.115737
0.115861
0.115985
0.116109
0.116233
0.116357
0.116481
0.116605
0.116729
0.116853
0.116976
0.117100
0.117224
0.117348
0.117472
0.117596
0.117720
0.117844
0.117968
0.118092
0.118216
0.118340
0.118463
0.118587
0.118711
0.118835
0.118959
0.119083
0.119207
0.119331
0.119455
0.119579
0.119703
0.119827
0.119950
0.120074
0.120198
0.120322
0.120446
0.120570
0.120694
0.120818
0.120942
0.121066
0.121190
0.121314
0.121437
0.121561
0.121685
0.121809
0.121933
0.122057
0.122181
0.122305
0.122429
0.122553
0.122553
0.122677
0.122677
0.122677
0.122677
0.122677
0.122677
0.122677
0.122677
0.122677
0.122677
0.122677
0.122677
0.122677
0.122677
0.122677
0.122677
0.122677
0.122677
0.122677
0.122677
0.122677
0.122677
0.122677
0.122677
0.122677
0.122677
0.122677
0.122677
0.122677
0.122677
0.122800
0.122924
0.123048
0.123172
0.123296
0.123420
0.123544
0.123668
0.123792
0.123916
0.124040
0.124164
0.124287
0.124411
0.124535
0.124659
0.124783
0.124907
0.125031
0.125155
0.125279
0.125403
0.125527
0.125651
0.125774
0.125898
0.126022
0.126146
0.126270
0.126394
0.126518
0.126642
0.126766
0.126890
0.127014
0.127138
0.127261
0.127385
0.127509
0.127633
0.127757
0.127881
0.128005
0.128129
0.128253
0.128377
0.128501
0.128625
0.128748
0.128872
0.128996
0.129120
0.129244
0.129368
0.129492
0.129616
0.129740
0.129864
0.129988
0.130112
0.130235
0.130359
0.130483
0.130483
0.130483
0.130483
0.130483
0.130483
0.130483
0.130483
0.130483
0.130483
0.130483
0.130483
0.130483
0.130483
0.130483
0.130483
0.130483
0.130483
0.130483
0.130483
0.130483
0.130483
0.130483
0.130483
0.130483
0.130483
0.130483
0.130483
0.130483
0.130483
0.130483
0.130483
0.130483
0.130483
0.130483
0.130483
0.130483
0.130483
0.130483
0.130483
0.130483
0.130483
0.130607
0.130731
0.130855
0.130979
0.131103
0.131227
0.131351
0.131475
0.131599
0.131722
0.131846
0.131970
0.132094
0.132218
0.132342
0.132466
0.132590
0.132714
0.132838
0.132962
0.132962
0.133519
0.134077
0.134634
0.134634
0.134634
0.134758
0.134882
0.135006
0.135130
0.135254
0.135378
0.135502
0.135626
0.135750
0.135874
0.135998
0.136121
0.136245
0.136369
0.136493
0.136617
0.136741
0.136865
0.136989
0.137113
0.137237
0.137361
0.137485
0.137608
0.137732
0.137856
0.137980
0.138104
0.138228
0.138352
0.138476
0.138600
0.138724
0.138848
0.138971
0.139095
0.139219
0.139343
0.139467
0.139591
0.139715
0.139839
0.139963
0.139963
0.139963
0.139963
0.139963
0.139963
0.139963
0.139963
0.139963
0.139963
0.139963
0.139963
0.139963
0.139963
0.139963
0.139963
0.139963
0.139963
0.139963
0.139963
0.139963
0.139963
0.139963
0.139963
0.139963
0.140087
0.140211
0.140335
0.140458
0.140582
0.140706
0.140830
0.140954
0.141078
0.141202
0.141326
0.141450
0.141574
0.141698
0.141822
0.141945
0.142069
0.142193
0.142317
0.142441
0.142565
0.142689
0.142813
0.142937
0.143061
0.143185
0.143309
0.143432
0.143556
0.143680
0.143804
0.143928
0.144052
0.144176
0.144300
0.144424
0.144548
0.144672
0.144796
0.144919
0.145043
0.145601
0.146159
0.146716
0.146716
0.146716
0.146716
0.146716
0.146716
0.147274
0.147274
0.147274
0.147398
0.147522
0.147646
0.147770
0.147893
0.148017
0.148141
0.148265
0.148389
0.148513
0.148637
0.148761
0.148885
0.149009
0.149133
0.149257
0.149380
0.149504
0.149504
0.149628
0.149628
0.149628
0.149628
0.149628
0.149628
0.149628
0.149628
0.149628
0.149628
0.149628
0.149628
0.149628
0.149628
0.149628
0.149628
0.149628
0.149628
0.149628
0.149628
0.149628
0.149628
0.149628
0.149628
0.149628
0.149628
0.149628
0.149628
0.149628
0.149628
0.149628
0.149628
0.149752
0.149876
0.150000
0.150124
0.150248
0.150372
0.150496
0.150620
0.150743
0.150867
0.150991
0.151115
0.151239
0.151363
0.151487
0.151611
0.151735
0.151859
0.151983
0.152540
0.152540
0.152540
0.152540
0.153098
0.153656
0.154213
0.154771
0.155328
0.155886
0.156444
0.157001
0.157559
0.157559
0.157559
0.157559
0.157683
0.157807
0.157931
0.158055
0.158178
0.158302
0.158426
0.158550
0.158674
0.158798
0.158922
0.159046
0.159170
0.159294
0.159418
0.159542
0.159665
0.159789
0.159913
0.160037
0.160161
0.160285
0.160409
0.160533
0.160657
0.160781
0.160905
0.161029
0.161152
0.161276
0.161400
0.161524
0.161648
0.161772
0.161896
0.162020
0.162144
0.162268
0.162268
0.162268
0.162268
0.162268
0.162268
0.162268
0.162268
0.162268
0.162268
0.162268
0.162268
0.162268
0.162268
0.162268
0.162268
0.162268
0.162268
0.162268
0.162268
0.162268
0.162268
0.162268
0.162268
0.162392
0.162515
0.162639
0.162763
0.162887
0.163011
0.163135
0.163259
0.163383
0.163507
0.163631
0.163755
0.163879
0.164002
0.164126
0.164250
0.164374
0.164498
0.164622
0.164746
0.164870
0.164994
0.165118
0.165242
0.165366
0.165489
0.165613
0.165737
0.165861
0.165985
0.166109
0.166233
0.166357
0.166481
0.166605
0.166729
0.166853
0.166976
0.167534
0.167534
0.168092
0.168649
0.169207
0.169765
0.170322
0.170880
0.171437
0.171995
0.172553
0.173110
0.173668
0.174226
0.174783
0.175341
0.175341
0.175898
0.176022
0.176146
0.176270
0.176394
0.176518
0.176642
0.176766
0.176890
0.177014
0.177138
0.177261
0.177385
0.177509
0.177633
0.177757
0.177881
0.178005
0.178129
0.178129
0.178129
0.178129
0.178129
0.178129
0.178129
0.178129
0.178129
0.178129
0.178129
0.178129
0.178129
0.178129
0.178129
0.178129
0.178129
0.178129
0.178129
0.178129
0.178129
0.178129
0.178129
0.178129
0.178129
0.178129
0.178129
0.178129
0.178253
0.178377
0.178501
0.178625
0.178748
0.178872
0.178996
0.179120
0.179244
0.179368
0.179492
0.179616
0.179740
0.179864
0.179988
0.180112
0.180235
0.180359
0.180483
0.181041
0.181041
0.181599
0.182156
0.182714
0.183271
0.183829
0.184387
0.184944
0.185502
0.186059
0.186617
0.187175
0.187732
0.188290
0.188848
0.189405
0.189963
0.190520
0.190520
0.190520
0.190520
0.190644
0.190768
0.190892
0.191016
0.191140
0.191264
0.191388
0.191512
0.191636
0.191760
0.191884
0.192007
0.192131
0.192255
0.192379
0.192503
0.192627
0.192751
0.192875
0.192999
0.193123
0.193247
0.193371
0.193494
0.193618
0.193742
0.193866
0.193990
0.194114
0.194238
0.194362
0.194486
0.194610
0.194734
0.194857
0.194981
0.195105
0.195105
0.195105
0.195105
0.195105
0.195105
0.195105
0.195105
0.195105
0.195105
0.195105
0.195105
0.195105
0.195105
0.195105
0.195105
0.195105
0.195105
0.195105
0.195105
0.195105
0.195229
0.195353
0.195477
0.195601
0.195725
0.195849
0.195973
0.196097
0.196221
0.196344
0.196468
0.196592
0.196716
0.196840
0.196964
0.197088
0.197212
0.197336
0.197460
0.197584
0.197708
0.197831
0.197955
0.198079
0.198203
0.198327
0.198451
0.198575
0.198699
0.198823
0.198947
0.199071
0.199195
0.199318
0.199442
0.199566
0.200124
0.200124
0.200682
0.201239
0.201797
0.202354
0.202912
0.203470
0.204027
0.204585
0.205143
0.205700
0.206258
0.206815
0.207373
0.207931
0.208488
0.209046
0.209603
0.210161
0.210719
0.211276
0.211276
0.211834
0.211958
0.212082
0.212206
0.212330
0.212454
0.212577
0.212701
0.212825
0.212949
0.213073
0.213197
0.213321
0.213445
0.213569
0.213693
0.213817
0.213941
0.214064
0.214188
0.214188
0.214188
0.214188
0.214188
0.214188
0.214188
0.214188
0.214188
0.214188
0.214188
0.214188
0.214188
0.214188
0.214188
0.214188
0.214188
0.214188
0.214188
0.214188
0.214188
0.214188
0.214188
0.214312
0.214436
0.214560
0.214684
0.214808
0.214932
0.215056
0.215180
0.215304
0.215428
0.215551
0.215675
0.215799
0.215923
0.216047
0.216171
0.216295
0.216419
0.216976
0.216976
0.217534
0.218092
0.218649
0.219207
0.219765
0.220322
0.220880
0.221437
0.221995
0.222553
0.223110
0.223668
0.224226
0.224783
0.225341
0.225898
0.226456
0.227014
0.227571
0.228129
0.228686
0.229244
0.229244
0.229244
0.229368
0.229492
0.229616
0.229740
0.229864
0.229988
0.230112
0.230235
0.230359
0.230483
0.230607
0.230731
0.230855
0.230979
0.231103
0.231227
0.231351
0.231475
0.231599
0.231722
0.231846
0.231970
0.232094
0.232218
0.232342
0.232466
0.232590
0.232714
0.232838
0.232962
0.233086
0.233209
0.233333
0.233457
0.233581
0.233705
0.233705
0.233705
0.233705
0.233705
0.233705
0.233705
0.233705
0.233705
0.233705
0.233705
0.233705
0.233705
0.233705
0.233705
0.233705
0.233705
0.233705
0.233829
0.233953
0.234077
0.234201
0.234325
0.234449
0.234572
0.234696
0.234820
0.234944
0.235068
0.235192
0.235316
0.235440
0.235564
0.235688
0.235812
0.235936
0.236059
0.236183
0.236307
0.236431
0.236555
0.236679
0.236803
0.236927
0.237051
0.237175
0.237299
0.237423
0.237546
0.237670
0.237794
0.237918
0.238042
0.238166
0.238166
0.238166
0.238724
0.239281
0.239839
0.240397
0.240954
0.241512
0.242069
0.242627
0.243185
0.243742
0.244300
0.244857
0.245415
0.245973
0.246530
0.247088
0.247646
0.248203
0.248761
0.249318
0.249876
0.250434
0.250991
0.251549
0.251549
0.252107
0.252230
0.252354
0.252478
0.252602
0.252726
0.252850
0.252974
0.253098
0.253222
0.253346
0.253470
0.253594
0.253717
0.253841
0.253965
0.254089
0.254213
0.254337
0.254461
0.254461
0.254461
0.254461
0.254461
0.254461
0.254461
0.254461
0.254461
0.254461
0.254461
0.254461
0.254461
0.254461
0.254461
0.254461
0.254461
0.254461
0.254585
0.254709
0.254833
0.254957
0.255081
0.255204
0.255328
0.255452
0.255576
0.255700
0.255824
0.255948
0.256072
0.256196
0.256320
0.256444
0.256568
0.256691
0.256815
0.256815
0.256815
0.257373
0.257931
0.258488
0.259046
0.259603
0.260161
0.260719
0.261276
0.261834
0.262392
0.262949
0.263507
0.264064
0.264622
0.265180
0.265737
0.266295
0.266853
0.267410
0.267968
0.268525
0.269083
0.269641
0.270198
0.270756
0.271314
0.271314
0.271437
0.271561
0.271685
0.271809
0.271933
0.272057
0.272181
0.272305
0.272429
0.272553
0.272677
0.272800
0.272924
0.273048
0.273172
0.273296
0.273420
0.273544
0.273668
0.273792
0.273916
0.274040
0.274164
0.274287
0.274411
0.274535
0.274659
0.274783
0.274907
0.275031
0.275155
0.275279
0.275403
0.275527
0.275651
0.275774
0.275774
0.275774
0.275774
0.275774
0.275774
0.275774
0.275774
0.275774
0.275774
0.275774
0.275774
0.275774
0.275774
0.275774
0.275774
0.275898
0.276022
0.276146
0.276270
0.276394
0.276518
0.276642
0.276766
0.276890
0.277014
0.277138
0.277261
0.277385
0.277509
0.277633
0.277757
0.277881
0.278005
0.278129
0.278253
0.278377
0.278501
0.278625
0.278748
0.278872
0.278996
0.279120
0.279244
0.279368
0.279492
0.279616
0.279740
0.279864
0.279988
0.280112
0.280235
0.280793
0.281351
0.281908
0.282466
0.283024
0.283581
0.284139
0.284696
0.285254
0.285812
0.286369
0.286927
0.287485
0.288042
0.288600
0.289157
0.289715
0.290273
0.290830
0.291388
0.291945
0.292503
0.293061
0.293618
0.294176
0.294734
0.295291
0.295849
0.296406
0.296406
0.296406
0.296530
0.296654
0.296778
0.296902
0.297026
0.297150
0.297274
0.297398
0.297522
0.297646
0.297770
0.297893
0.298017
0.298141
0.298265
0.298389
0.298513
0.298637
0.298761
0.298885
0.299009
0.299009
0.299009
0.299009
0.299009
0.299009
0.299009
0.299009
0.299009
0.299133
0.299133
0.299257
0.299380
0.299504
0.299628
0.299752
0.299876
0.300000
0.300124
0.300248
0.300372
0.300496
0.300620
0.300743
0.300867
0.300991
0.301115
0.301239
0.301363
0.301487
0.301611
0.301735
0.302292
0.302850
0.303408
0.303965
0.304523
0.305081
0.305638
0.306196
0.306753
0.307311
0.307869
0.308426
0.308984
0.309542
0.310099
0.310657
0.311214
0.311772
0.312330
0.312887
0.313445
0.314002
0.314560
0.315118
0.315675
0.316233
0.316791
0.317348
0.317906
0.318463
0.318463
0.318463
0.318587
0.318711
0.318835
0.318959
0.319083
0.319207
0.319331
0.319455
0.319579
0.319703
0.319827
0.319950
0.320074
0.320198
0.320322
0.320446
0.320570
0.320694
0.320818
0.320942
0.321066
0.321190
0.321314
0.321437
0.321561
0.321685
0.321809
0.321933
0.322057
0.322181
0.322305
0.322429
0.322553
0.322677
0.322800
0.322924
0.323048
0.323048
0.323048
0.323048
0.323048
0.323048
0.323048
0.323048
0.323048
0.323048
0.323048
0.323048
0.323172
0.323296
0.323420
0.323544
0.323668
0.323792
0.323916
0.324040
0.324164
0.324287
0.324411
0.324535
0.324659
0.324783
0.324907
0.325031
0.325155
0.325279
0.325403
0.325527
0.325651
0.325774
0.325898
0.326022
0.326146
0.326270
0.326394
0.326518
0.326642
0.326766
0.326890
0.327014
0.327138
0.327261
0.327385
0.327509
0.327509
0.328067
0.328625
0.329182
0.329740
0.330297
0.330855
0.331413
0.331970
0.332528
0.333086
0.333643
0.334201
0.334758
0.335316
0.335874
0.336431
0.336989
0.337546
0.338104
0.338662
0.339219
0.339777
0.340335
0.340892
0.341450
0.342007
0.342565
0.343123
0.343680
0.344238
0.344238
0.344362
0.344486
0.344610
0.344734
0.344857
0.344981
0.345105
0.345229
0.345353
0.345477
0.345601
0.345725
0.345849
0.345973
0.346097
0.346221
0.346344
0.346468
0.346592
0.346716
0.346840
0.346964
0.346964
0.347088
0.347088
0.347088
0.347088
0.347212
0.347212
0.347212
0.347336
0.347460
0.347584
0.347708
0.347831
0.347955
0.348079
0.348203
0.348327
0.348451
0.348575
0.348699
0.348823
0.348947
0.349071
0.349195
0.349318
0.349442
0.349566
0.349690
0.349814
0.349814
0.349814
0.350372
0.350929
0.351487
0.352045
0.352602
0.353160
0.353717
0.354275
0.354833
0.355390
0.355948
0.356506
0.357063
0.357621
0.358178
0.358736
0.359294
0.359851
0.360409
0.360967
0.361524
0.362082
0.362639
0.363197
0.363755
0.364312
0.364870
0.365428
0.365985
0.366543
0.366543
0.366667
0.366791
0.366914
0.367038
0.367162
0.367286
0.367410
0.367534
0.367658
0.367782
0.367906
0.368030
0.368154
0.368278
0.368401
0.368525
0.368649
0.368773
0.368897
0.369021
0.369145
0.369269
0.369393
0.369517
0.369641
0.369765
0.369888
0.370012
0.370136
0.370260
0.370384
0.370508
0.370632
0.370756
0.370880
0.371004
0.371128
0.371128
0.371128
0.371128
0.371128
0.371128
0.371128
0.371128
0.371128
0.371128
0.371252
0.371375
0.371499
0.371623
0.371747
0.371871
0.371995
0.372119
0.372243
0.372367
0.372491
0.372615
0.372739
0.372862
0.372986
0.373110
0.373234
0.373358
0.373482
0.373606
0.373730
0.373854
0.373978
0.374102
0.374226
0.374349
0.374473
0.374597
0.374721
0.374845
0.374969
0.375093
0.375217
0.375341
0.375465
0.375589
0.375713
0.375713
0.375713
0.376270
0.376828
0.377385
0.377943
0.378501
0.379058
0.379616
0.380173
0.380731
0.381289
0.381846
0.382404
0.382962
0.383519
0.384077
0.384634
0.385192
0.385750
0.386307
0.386865
0.387423
0.387980
0.388538
0.389095
0.389653
0.390211
0.390768
0.391326
0.391884
0.392441
0.392999
0.393556
0.393680
0.393804
0.393928
0.394052
0.394176
0.394300
0.394424
0.394548
0.394672
0.394796
0.394919
0.395043
0.395167
0.395291
0.395415
0.395539
0.395663
0.395787
0.395911
0.396035
0.396159
0.396283
0.396406
0.396530
0.396530
0.396654
0.396778
0.396902
0.397026
0.397150
0.397274
0.397398
0.397522
0.397646
0.397770
0.397893
0.398017
0.398141
0.398265
0.398389
0.398513
0.398637
0.398761
0.398885
0.399009
0.399133
0.399257
0.399380
0.399504
0.399504
0.399504
0.400062
0.400620
0.401177
0.401735
0.402292
0.402850
0.403408
0.403965
0.404523
0.405081
0.405638
0.406196
0.406753
0.407311
0.407869
0.408426
0.408984
0.409542
0.410099
0.410657
0.411214
0.411772
0.412330
0.412887
0.413445
0.414002
0.414560
0.415118
0.415675
0.416233
0.416791
0.417348
0.417348
0.417472
0.417596
0.417720
0.417844
0.417968
0.418092
0.418216
0.418340
0.418463
0.418587
0.418711
0.418835
0.418959
0.419083
0.419207
0.419331
0.419455
0.419579
0.419703
0.419827
0.419950
0.420074
0.420198
0.420322
0.420446
0.420570
0.420694
0.420818
0.420942
0.421066
0.421190
0.421314
0.421437
0.421561
0.421685
0.421809
0.421933
0.421933
0.421933
0.421933
0.421933
0.421933
0.421933
0.421933
0.422057
0.422181
0.422305
0.422429
0.422553
0.422677
0.422800
0.422924
0.423048
0.423172
0.423296
0.423420
0.423544
0.423668
0.423792
0.423916
0.424040
0.424164
0.424287
0.424411
0.424535
0.424659
0.424783
0.424907
0.425031
0.425155
0.425279
0.425403
0.425527
0.425651
0.425774
0.425898
0.426022
0.426146
0.426270
0.426394
0.426518
0.426642
0.426642
0.427200
0.427757
0.428315
0.428872
0.429430
0.429988
0.430545
0.431103
0.431660
0.432218
0.432776
0.433333
0.433891
0.434449
0.435006
0.435564
0.436121
0.436679
0.437237
0.437794
0.438352
0.438910
0.439467
0.440025
0.440582
0.441140
0.441698
0.442255
0.442813
0.443371
0.443928
0.444486
0.444486
0.445043
0.445167
0.445291
0.445415
0.445539
0.445663
0.445787
0.445911
0.446035
0.446159
0.446283
0.446406
0.446530
0.446654
0.446778
0.446902
0.447026
0.447150
0.447274
0.447398
0.447522
0.447646
0.447770
0.447893
0.448017
0.448141
0.448265
0.448389
0.448513
0.448637
0.448761
0.448885
0.449009
0.449133
0.449257
0.449380
0.449504
0.449628
0.449752
0.449876
0.450000
0.450124
0.450248
0.450372
0.450496
0.450620
0.450743
0.450867
0.450991
0.451549
0.451549
0.452107
0.452664
0.453222
0.453779
0.454337
0.454895
0.455452
0.456010
0.456568
0.457125
0.457683
0.458240
0.458798
0.459356
0.459913
0.460471
0.461029
0.461586
0.462144
0.462701
0.463259
0.463817
0.464374
0.464932
0.465489
0.466047
0.466605
0.467162
0.467720
0.468278
0.468835
0.469393
0.469393
0.469517
0.469641
0.469765
0.469888
0.470012
0.470136
0.470260
0.470384
0.470508
0.470632
0.470756
0.470880
0.471004
0.471128
0.471252
0.471375
0.471499
0.471623
0.471747
0.471871
0.471995
0.472119
0.472243
0.472367
0.472491
0.472615
0.472739
0.472862
0.472986
0.473110
0.473234
0.473358
0.473482
0.473606
0.473730
0.473854
0.473978
0.474102
0.474226
0.474226
0.474226
0.474226
0.474226
0.474349
0.474473
0.474597
0.474721
0.474845
0.474969
0.475093
0.475217
0.475341
0.475465
0.475589
0.475713
0.475836
0.475960
0.476084
0.476208
0.476332
0.476456
0.476580
0.476704
0.476828
0.476952
0.477076
0.477200
0.477323
0.477447
0.477571
0.477695
0.477819
0.477943
0.478067
0.478191
0.478315
0.478439
0.478563
0.478686
0.478810
0.478934
0.478934
0.478934
0.479492
0.480050
0.480607
0.481165
0.481722
0.482280
0.482838
0.483395
0.483953
0.484511
0.485068
0.485626
0.486183
0.486741
0.487299
0.487856
0.488414
0.488971
0.489529
0.490087
0.490644
0.491202
0.491760
0.492317
0.492875
0.493432
0.493990
0.494548
0.495105
0.495663
0.496221
0.496778
0.496778
0.497336
0.497460
0.497584
0.497708
0.497831
0.497955
0.498079
0.498203
0.498327
0.498451
0.498575
0.498699
0.498823
0.498947
0.499071
0.499195
0.499318
0.499442
0.499566
0.499690
0.499814
0.499938
0.500062
0.500186
0.500310
0.500310
0.500434
0.500558
0.500682
0.500805
0.500929
0.501053
0.501177
0.501301
0.501425
0.501549
0.501673
0.501797
0.501921
0.502045
0.502169
0.502292
0.502416
0.502540
0.502664
0.502788
0.502912
0.503036
0.503160
0.503717
0.504275
0.504833
0.505390
0.505948
0.506506
0.507063
0.507621
0.508178
0.508736
0.509294
0.509851
0.510409
0.510967
0.511524
0.512082
0.512639
0.513197
0.513755
0.514312
0.514870
0.515428
0.515985
0.516543
0.517100
0.517658
0.518216
0.518773
0.519331
0.519888
0.520446
0.521004
0.521561
0.522119
0.522119
0.522119
0.522243
0.522367
0.522491
0.522615
0.522739
0.522862
0.522986
0.523110
0.523234
0.523358
0.523482
0.523606
0.523730
0.523854
0.523978
0.524102
0.524226
0.524349
0.524473
0.524597
0.524721
0.524845
0.524969
0.525093
0.525217
0.525341
0.525465
0.525589
0.525713
0.525836
0.525960
0.526084
0.526208
0.526332
0.526456
0.526580
0.526704
0.526828
0.526952
0.526952
0.527076
0.527200
0.527323
0.527447
0.527571
0.527695
0.527819
0.527943
0.528067
0.528191
0.528315
0.528439
0.528563
0.528686
0.528810
0.528934
0.529058
0.529182
0.529306
0.529430
0.529554
0.529678
0.529802
0.529926
0.530050
0.530173
0.530297
0.530421
0.530545
0.530669
0.530793
0.530917
0.531041
0.531165
0.531289
0.531413
0.531537
0.531660
0.531784
0.531908
0.532032
0.532032
0.532590
0.533147
0.533705
0.534263
0.534820
0.535378
0.535936
0.536493
0.537051
0.537608
0.538166
0.538724
0.539281
0.539839
0.540397
0.540954
0.541512
0.542069
0.542627
0.543185
0.543742
0.544300
0.544857
0.545415
0.545973
0.546530
0.547088
0.547646
0.548203
0.548761
0.549318
0.549876
0.550434
0.550991
0.551115
0.551239
0.551363
0.551487
0.551611
0.551735
0.551859
0.551983
0.552107
0.552230
0.552354
0.552478
0.552602
0.552726
0.552850
0.552974
0.553098
0.553222
0.553346
0.553470
0.553594
0.553594
0.553594
0.553594
0.553594
0.553594
0.553717
0.553841
0.553965
0.554089
0.554213
0.554337
0.554461
0.554585
0.554709
0.554833
0.554957
0.555081
0.555204
0.555328
0.555452
0.555576
0.555700
0.555824
0.555948
0.556072
0.556196
0.556320
0.556877
0.556877
0.557435
0.557993
0.558550
0.559108
0.559665
0.560223
0.560781
0.561338
0.561896
0.562454
0.563011
0.563569
0.564126
0.564684
0.565242
0.565799
0.566357
0.566914
0.567472
0.568030
0.568587
0.569145
0.569703
0.570260
0.570818
0.571375
0.571933
0.572491
0.573048
0.573606
0.574164
0.574721
0.575279
0.575403
0.575527
0.575651
0.575774
0.575898
0.576022
0.576146
0.576270
0.576394
0.576518
0.576642
0.576766
0.576890
0.577014
0.577138
0.577261
0.577385
0.577509
0.577633
0.577757
0.577881
0.578005
0.578129
0.578253
0.578377
0.578501
0.578625
0.578748
0.578872
0.578996
0.579120
0.579244
0.579368
0.579492
0.579616
0.579740
0.579864
0.579988
0.580112
0.580235
0.580359
0.580483
0.580607
0.580731
0.580855
0.580979
0.581103
0.581227
0.581351
0.581475
0.581599
0.581722
0.581846
0.581970
0.582094
0.582218
0.582342
0.582466
0.582590
0.582714
0.582838
0.582962
0.583086
0.583209
0.583333
0.583457
0.583581
0.583705
0.583829
0.583953
0.584077
0.584201
0.584325
0.584449
0.584572
0.584696
0.584820
0.584944
0.585068
0.585192
0.585316
0.585440
0.585440
0.585998
0.586555
0.587113
0.587670
0.588228
0.588786
0.589343
0.589901
0.590458
0.591016
0.591574
0.592131
0.592689
0.593247
0.593804
0.594362
0.594919
0.595477
0.596035
0.596592
0.597150
0.597708
0.598265
0.598823
0.599380
0.599938
0.600496
0.601053
0.601611
0.602169
0.602726
0.603284
0.603284
0.603284
0.603408
0.603532
0.603656
0.603779
0.603903
0.604027
0.604151
0.604275
0.604399
0.604523
0.604647
0.604771
0.604895
0.605019
0.605143
0.605266
0.605390
0.605514
0.605638
0.605762
0.605886
0.605886
0.605886
0.605886
0.605886
0.605886
0.605886
0.606010
0.606134
0.606258
0.606382
0.606506
0.606629
0.606753
0.606877
0.607001
0.607125
0.607249
0.607373
0.607497
0.607621
0.607745
0.607869
0.607993
0.608116
0.608240
0.608364
0.608488
0.608612
0.609170
0.609727
0.610285
0.610843
0.611400
0.611958
0.612515
0.613073
0.613631
0.614188
0.614746
0.615304
0.615861
0.616419
0.616976
0.617534
0.618092
0.618649
0.619207
0.619765
0.620322
0.620880
0.621437
0.621995
0.622553
0.623110
0.623668
0.624226
0.624783
0.625341
0.625898
0.626456
0.626456
0.626456
0.626580
0.626704
0.626828
0.626952
0.627076
0.627200
0.627323
0.627447
0.627571
0.627695
0.627819
0.627943
0.628067
0.628191
0.628315
0.628439
0.628563
0.628686
0.628810
0.628934
0.629058
0.629182
0.629306
0.629430
0.629554
0.629678
0.629802
0.629926
0.630050
0.630173
0.630297
0.630421
0.630545
0.630669
0.630793
0.630917
0.631041
0.631165
0.631289
0.631413
0.631413
0.631413
0.631537
0.631660
0.631784
0.631908
0.632032
0.632156
0.632280
0.632404
0.632528
0.632652
0.632776
0.632900
0.633024
0.633147
0.633271
0.633395
0.633519
0.633643
0.633767
0.633891
0.634015
0.634139
0.634263
0.634387
0.634511
0.634634
0.634758
0.634882
0.635006
0.635130
0.635254
0.635378
0.635502
0.635626
0.635750
0.635874
0.635998
0.636121
0.636245
0.636369
0.636493
0.636493
0.637051
0.637608
0.638166
0.638724
0.639281
0.639839
0.640397
0.640954
0.641512
0.642069
0.642627
0.643185
0.643742
0.644300
0.644857
0.645415
0.645973
0.646530
0.647088
0.647646
0.648203
0.648761
0.649318
0.649876
0.650434
0.650991
0.651549
0.652107
0.652664
0.653222
0.653222
0.653222
0.653346
0.653470
0.653594
0.653717
0.653841
0.653965
0.654089
0.654213
0.654337
0.654461
0.654585
0.654709
0.654833
0.654957
0.655081
0.655204
0.655328
0.655452
0.655576
0.655700
0.655824
0.655824
0.655824
0.655824
0.655824
0.655824
0.655824
0.655824
0.655824
0.655824
0.655948
0.656072
0.656196
0.656320
0.656444
0.656568
0.656691
0.656815
0.656939
0.657063
0.657187
0.657311
0.657435
0.657559
0.657683
0.657807
0.657931
0.658055
0.658178
0.658302
0.658426
0.658426
0.658984
0.659542
0.660099
0.660657
0.661214
0.661772
0.662330
0.662887
0.663445
0.664002
0.664560
0.665118
0.665675
0.666233
0.666791
0.667348
0.667906
0.668463
0.669021
0.669579
0.670136
0.670694
0.671252
0.671809
0.672367
0.672924
0.673482
0.674040
0.674597
0.675155
0.675155
0.675279
0.675403
0.675527
0.675651
0.675774
0.675898
0.676022
0.676146
0.676270
0.676394
0.676518
0.676642
0.676766
0.676890
0.677014
0.677138
0.677261
0.677385
0.677509
0.677633
0.677757
0.677881
0.678005
0.678129
0.678253
0.678377
0.678501
0.678625
0.678748
0.678872
0.678996
0.679120
0.679244
0.679368
0.679492
0.679616
0.679740
0.679864
0.679864
0.679864
0.679864
0.679864
0.679864
0.679864
0.679864
0.679864
0.679988
0.680112
0.680235
0.680359
0.680483
0.680607
0.680731
0.680855
0.680979
0.681103
0.681227
0.681351
0.681475
0.681599
0.681722
0.681846
0.681970
0.682094
0.682218
0.682342
0.682466
0.682590
0.682714
0.682838
0.682962
0.683086
0.683209
0.683333
0.683457
0.683581
0.683705
0.683829
0.683953
0.684077
0.684201
0.684325
0.684449
0.684572
0.684572
0.684572
0.685130
0.685688
0.686245
0.686803
0.687361
0.687918
0.688476
0.689033
0.689591
0.690149
0.690706
0.691264
0.691822
0.692379
0.692937
0.693494
0.694052
0.694610
0.695167
0.695725
0.696283
0.696840
0.697398
0.697955
0.698513
0.699071
0.699628
0.700186
0.700743
0.700743
0.700867
0.700991
0.701115
0.701239
0.701363
0.701487
0.701611
0.701735
0.701859
0.701983
0.702107
0.702230
0.702354
0.702478
0.702602
0.702726
0.702850
0.702974
0.703098
0.703222
0.703346
0.703346
0.703346
0.703346
0.703346
0.703346
0.703346
0.703346
0.703346
0.703346
0.703346
0.703346
0.703346
0.703470
0.703594
0.703717
0.703841
0.703965
0.704089
0.704213
0.704337
0.704461
0.704585
0.704709
0.704833
0.704957
0.705081
0.705204
0.705328
0.705452
0.705576
0.705700
0.705700
0.705700
0.706258
0.706815
0.707373
0.707931
0.708488
0.709046
0.709603
0.710161
0.710719
0.711276
0.711834
0.712392
0.712949
0.713507
0.714064
0.714622
0.715180
0.715737
0.716295
0.716853
0.717410
0.717968
0.718525
0.719083
0.719641
0.720198
0.720756
0.720756
0.721314
0.721437
0.721561
0.721685
0.721809
0.721933
0.722057
0.722181
0.722305
0.722429
0.722553
0.722677
0.722800
0.722924
0.723048
0.723172
0.723296
0.723420
0.723544
0.723668
0.723792
0.723916
0.724040
0.724164
0.724287
0.724411
0.724535
0.724659
0.724783
0.724907
0.725031
0.725155
0.725279
0.725403
0.725527
0.725651
0.725774
0.725774
0.725774
0.725774
0.725774
0.725774
0.725774
0.725774
0.725774
0.725774
0.725774
0.725774
0.725774
0.725774
0.725774
0.725774
0.725898
0.726022
0.726146
0.726270
0.726394
0.726518
0.726642
0.726766
0.726890
0.727014
0.727138
0.727261
0.727385
0.727509
0.727633
0.727757
0.727881
0.728005
0.728129
0.728253
0.728377
0.728501
0.728625
0.728748
0.728872
0.728996
0.729120
0.729244
0.729368
0.729492
0.729616
0.729740
0.729864
0.729988
0.730112
0.730112
0.730112
0.730669
0.731227
0.731784
0.732342
0.732900
0.733457
0.734015
0.734572
0.735130
0.735688
0.736245
0.736803
0.737361
0.737918
0.738476
0.739033
0.739591
0.740149
0.740706
0.741264
0.741822
0.742379
0.742937
0.743494
0.744052
0.744610
0.744610
0.744610
0.744734
0.744857
0.744981
0.745105
0.745229
0.745353
0.745477
0.745601
0.745725
0.745849
0.745973
0.746097
0.746221
0.746344
0.746468
0.746592
0.746716
0.746840
0.746964
0.747088
0.747088
0.747088
0.747088
0.747088
0.747088
0.747088
0.747088
0.747088
0.747088
0.747088
0.747088
0.747088
0.747088
0.747088
0.747088
0.747212
0.747336
0.747460
0.747584
0.747708
0.747831
0.747955
0.748079
0.748203
0.748327
0.748451
0.748575
0.748699
0.748823
0.748947
0.749071
0.749195
0.749318
0.749442
0.749566
0.750124
0.750124
0.750682
0.751239
0.751797
0.752354
0.752912
0.753470
0.754027
0.754585
0.755143
0.755700
0.756258
0.756815
0.757373
0.757931
0.758488
0.759046
0.759603
0.760161
0.760719
0.761276
0.761834
0.762392
0.762949
0.763507
0.763507
0.763507
0.763631
0.763755
0.763879
0.764002
0.764126
0.764250
0.764374
0.764498
0.764622
0.764746
0.764870
0.764994
0.765118
0.765242
0.765366
0.765489
0.765613
0.765737
0.765861
0.765985
0.766109
0.766233
0.766357
0.766481
0.766605
0.766729
0.766853
0.766976
0.767100
0.767224
0.767348
0.767472
0.767596
0.767720
0.767720
0.767720
0.767720
0.767720
0.767720
0.767720
0.767720
0.767720
0.767720
0.767720
0.767720
0.767720
0.767720
0.767720
0.767720
0.767720
0.767720
0.767720
0.767720
0.767720
0.767720
0.767844
0.767968
0.768092
0.768216
0.768340
0.768463
0.768587
0.768711
0.768835
0.768959
0.769083
0.769207
0.769331
0.769455
0.769579
0.769703
0.769827
0.769950
0.770074
0.770198
0.770322
0.770446
0.770570
0.770694
0.770818
0.770942
0.771066
0.771190
0.771314
0.771437
0.771561
0.771685
0.771809
0.771933
0.772491
0.772491
0.773048
0.773606
0.774164
0.774721
0.775279
0.775836
0.776394
0.776952
0.777509
0.778067
0.778625
0.779182
0.779740
0.780297
0.780855
0.781413
0.781970
0.782528
0.783086
0.783643
0.784201
0.784758
0.784758
0.785316
0.785440
0.785564
0.785688
0.785812
0.785936
0.786059
0.786183
0.786307
0.786431
0.786555
0.786679
0.786803
0.786927
0.787051
0.787175
0.787299
0.787423
0.787546
0.787670
0.787794
0.787794
0.787794
0.787794
0.787794
0.787794
0.787794
0.787794
0.787794
0.787794
0.787794
0.787794
0.787794
0.787794
0.787794
0.787794
0.787794
0.787794
0.787794
0.787918
0.788042
0.788166
0.788290
0.788414
0.788538
0.788662
0.788786
0.788910
0.789033
0.789157
0.789281
0.789405
0.789529
0.789653
0.789777
0.789901
0.790025
0.790149
0.790273
0.790397
0.790954
0.790954
0.791512
0.792069
0.792627
0.793185
0.793742
0.794300
0.794857
0.795415
0.795973
0.796530
0.797088
0.797646
0.798203
0.798761
0.799318
0.799876
0.800434
0.800991
0.801549
0.802107
0.802107
0.802107
0.802230
0.802354
0.802478
0.802602
0.802726
0.802850
0.802974
0.803098
0.803222
0.803346
0.803470
0.803594
0.803717
0.803841
0.803965
0.804089
0.804213
0.804337
0.804461
0.804585
0.804709
0.804833
0.804957
0.805081
0.805204
0.805328
0.805452
0.805576
0.805700
0.805824
0.805948
0.806072
0.806196
0.806196
0.806196
0.806196
0.806196
0.806196
0.806196
0.806196
0.806196
0.806196
0.806196
0.806196
0.806196
0.806196
0.806196
0.806196
0.806196
0.806196
0.806196
0.806196
0.806196
0.806196
0.806196
0.806196
0.806196
0.806196
0.806196
0.806196
0.806320
0.806444
0.806568
0.806691
0.806815
0.806939
0.807063
0.807187
0.807311
0.807435
0.807559
0.807683
0.807807
0.807931
0.808055
0.808178
0.808302
0.808426
0.808550
0.808674
0.808798
0.808922
0.809046
0.809170
0.809294
0.809418
0.809542
0.809665
0.809789
0.809913
0.810037
0.810161
0.810285
0.810843
0.811400
0.811958
0.812515
0.813073
0.813631
0.814188
0.814746
0.815304
0.815861
0.816419
0.816976
0.817534
0.818092
0.818649
0.819207
0.819765
0.820322
0.820880
0.821437
0.821995
0.821995
0.821995
0.822119
0.822243
0.822367
0.822491
0.822615
0.822739
0.822862
0.822986
0.823110
0.823234
0.823358
0.823482
0.823606
0.823730
0.823854
0.823978
0.824102
0.824226
0.824349
0.824473
0.824597
0.824597
0.824597
0.824597
0.824597
0.824597
0.824597
0.824597
0.824597
0.824597
0.824597
0.824597
0.824597
0.824597
0.824597
0.824597
0.824597
0.824597
0.824597
0.824597
0.824597
0.824597
0.824721
0.824845
0.824969
0.825093
0.825217
0.825341
0.825465
0.825589
0.825713
0.825836
0.825960
0.826084
0.826208
0.826332
0.826456
0.826580
0.826704
0.826828
0.826952
0.827076
0.827200
0.827757
0.827757
0.828315
0.828872
0.829430
0.829988
0.830545
0.831103
0.831660
0.832218
0.832776
0.833333
0.833891
0.834449
0.835006
0.835564
0.835564
0.835564
0.835688
0.835812
0.835936
0.836059
0.836183
0.836307
0.836431
0.836555
0.836679
0.836803
0.836927
0.837051
0.837175
0.837299
0.837423
0.837546
0.837670
0.837794
0.837918
0.838042
0.838166
0.838290
0.838414
0.838538
0.838662
0.838786
0.838910
0.839033
0.839157
0.839281
0.839405
0.839529
0.839653
0.839653
0.839653
0.839653
0.839653
0.839653
0.839653
0.839653
0.839653
0.839653
0.839653
0.839653
0.839653
0.839653
0.839653
0.839653
0.839653
0.839653
0.839653
0.839653
0.839653
0.839653
0.839653
0.839653
0.839653
0.839653
0.839653
0.839653
0.839653
0.839653
0.839653
0.839653
0.839653
0.839653
0.839777
0.839901
0.840025
0.840149
0.840273
0.840397
0.840520
0.840644
0.840768
0.840892
0.841016
0.841140
0.841264
0.841388
0.841512
0.841636
0.841760
0.841884
0.842007
0.842131
0.842255
0.842379
0.842503
0.842627
0.842751
0.842875
0.842999
0.843123
0.843247
0.843371
0.843494
0.843618
0.843742
0.843742
0.844300
0.844300
0.844300
0.844857
0.845415
0.845973
0.846530
0.847088
0.847646
0.848203
0.848761
0.848761
0.848761
0.849318
0.849876
0.849876
0.850000
0.850124
0.850248
0.850372
0.850496
0.850620
0.850743
0.850867
0.850991
0.851115
0.851239
0.851363
0.851487
0.851611
0.851735
0.851859
0.851983
0.852107
0.852230
0.852354
0.852478
0.852602
0.852602
0.852602
0.852602
0.852602
0.852602
0.852602
0.852602
0.852602
0.852602
0.852602
0.852602
0.852602
0.852602
0.852602
0.852602
0.852602
0.852602
0.852602
0.852602
0.852602
0.852602
0.852602
0.852726
0.852850
0.852974
0.853098
0.853222
0.853346
0.853470
0.853594
0.853717
0.853841
0.853965
0.854089
0.854213
0.854337
0.854461
0.854585
0.854709
0.854833
0.854957
0.855081
0.855204
0.855328
0.855452
0.855576
0.855700
0.855824
0.855824
0.856382
0.856382
0.856382
0.856382
0.856382
0.856382
0.856939
0.857497
0.857497
0.857621
0.857745
0.857869
0.857993
0.858116
0.858240
0.858364
0.858488
0.858612
0.858736
0.858860
0.858984
0.859108
0.859232
0.859356
0.859480
0.859603
0.859727
0.859851
0.859975
0.860099
0.860223
0.860347
0.860471
0.860595
0.860719
0.860843
0.860967
0.861090
0.861214
0.861338
0.861462
0.861586
0.861710
0.861834
0.861958
0.861958
0.861958
0.861958
0.861958
0.861958
0.861958
0.861958
0.861958
0.861958
0.861958
0.861958
0.861958
0.861958
0.861958
0.861958
0.861958
0.861958
0.861958
0.861958
0.861958
0.861958
0.861958
0.861958
0.861958
0.861958
0.861958
0.861958
0.861958
0.861958
0.861958
0.861958
0.861958
0.861958
0.861958
0.861958
0.861958
0.862082
0.862206
0.862330
0.862454
0.862577
0.862701
0.862825
0.862949
0.863073
0.863197
0.863321
0.863445
0.863569
0.863693
0.863817
0.863941
0.864064
0.864188
0.864312
0.864436
0.864560
0.864684
0.864808
0.864932
0.865056
0.865180
0.865304
0.865428
0.865551
0.865675
0.865799
0.865923
0.866047
0.866171
0.866295
0.866419
0.866543
0.866543
0.866543
0.866543
0.866543
0.866543
0.866667
0.866791
0.866914
0.867038
0.867162
0.867286
0.867410
0.867534
0.867658
0.867782
0.867906
0.868030
0.868154
0.868278
0.868401
0.868525
0.868649
0.868773
0.868897
0.869021
0.869145
0.869269
0.869393
0.869517
0.869641
0.869765
0.869765
0.869765
0.869765
0.869765
0.869765
0.869765
0.869765
0.869765
0.869765
0.869765
0.869765
0.869765
0.869765
0.869765
0.869765
0.869765
0.869765
0.869765
0.869765
0.869765
0.869765
0.869765
0.869765
0.869765
0.869765
0.869765
0.869888
0.870012
0.870136
0.870260
0.870384
0.870508
0.870632
0.870756
0.870880
0.871004
0.871128
0.871252
0.871375
0.871499
0.871623
0.871747
0.871871
0.871995
0.872119
0.872243
0.872367
0.872491
0.872615
0.872739
0.872862
0.872986
0.873110
0.873234
0.873358
0.873482
0.873606
0.873730
0.873854
0.873978
0.874102
0.874226
0.874349
0.874473
0.874597
0.874721
0.874845
0.874969
0.875093
0.875217
0.875341
0.875465
0.875589
0.875713
0.875836
0.875960
0.876084
0.876208
0.876332
0.876456
0.876580
0.876704
0.876828
0.876952
0.877076
0.877200
0.877323
0.877447
0.877571
0.877695
0.877819
0.877943
0.877943
0.877943
0.877943
0.877943
0.877943
0.877943
0.877943
0.877943
0.877943
0.877943
0.877943
0.877943
0.877943
0.877943
0.877943
0.877943
0.877943
0.877943
0.877943
0.877943
0.877943
0.877943
0.877943
0.877943
0.877943
0.877943
0.877943
0.877943
0.877943
0.877943
0.877943
0.877943
0.877943
0.877943
0.877943
0.877943
0.877943
0.877943
0.877943
0.877943
0.877943
0.877943
0.877943
0.877943
0.878067
0.878191
0.878315
0.878439
0.878563
0.878686
0.878810
0.878934
0.879058
0.879182
0.879306
0.879430
0.879554
0.879678
0.879802
0.879926
0.880050
0.880173
0.880297
0.880421
0.880545
0.880669
0.880793
0.880917
0.881041
0.881165
0.881289
0.881413
0.881537
0.881660
0.881784
0.881908
0.882032
0.882156
0.882280
0.882404
0.882528
0.882652
0.882776
0.882900
0.883024
0.883147
0.883271
0.883395
0.883519
0.883643
0.883767
0.883891
0.884015
0.884139
0.884263
0.884387
0.884511
0.884634
0.884758
0.884882
0.885006
0.885130
0.885254
0.885378
0.885502
0.885626
0.885750
0.885874
0.885874
0.885874
0.885874
0.885874
0.885874
0.885874
0.885874
0.885874
0.885874
0.885874
0.885874
0.885874
0.885874
0.885874
0.885874
0.885874
0.885874
0.885874
0.885874
0.885874
0.885874
0.885874
0.885874
0.885874
0.885874
0.885874
0.885874
0.885874
0.885998
0.886121
0.886245
0.886369
0.886493
0.886617
0.886741
0.886865
0.886989
0.887113
0.887237
0.887361
0.887485
0.887608
0.887732
0.887856
0.887980
0.888104
0.888228
0.888352
0.888476
0.888600
0.888724
0.888848
0.888971
0.889095
0.889219
0.889343
0.889467
0.889591
0.889715
0.889839
0.889963
0.890087
0.890211
0.890335
0.890458
0.890582
0.890706
0.890830
0.890954
0.891078
0.891202
0.891326
0.891450
0.891574
0.891698
0.891822
0.891945
0.892069
0.892193
0.892317
0.892441
0.892565
0.892689
0.892813
0.892937
0.893061
0.893185
0.893309
0.893432
0.893556
0.893556
0.893556
0.893556
0.893556
0.893556
0.893556
0.893556
0.893556
0.893556
0.893556
0.893556
0.893556
0.893556
0.893556
0.893556
0.893556
0.893556
0.893556
0.893556
0.893556
0.893556
0.893556
0.893556
0.893556
0.893556
0.893556
0.893556
0.893556
0.893556
0.893556
0.893556
0.893556
0.893556
0.893556
0.893556
0.893556
0.893556
0.893556
0.893556
0.893556
0.893556
0.893556
0.893556
0.893556
0.893556
0.893556
0.893556
0.893556
0.893556
0.893680
0.893804
0.893928
0.894052
0.894176
0.894300
0.894424
0.894548
0.894672
0.894796
0.894919
0.895043
0.895167
0.895291
0.895415
0.895539
0.895663
0.895787
0.895911
0.896035
0.896159
0.896283
0.896406
0.896530
0.896654
0.896778
0.896902
0.897026
0.897150
0.897274
0.897398
0.897522
0.897646
0.897770
0.897893
0.898017
0.898141
0.898265
0.898389
0.898513
0.898637
0.898761
0.898885
0.899009
0.899133
0.899257
0.899380
0.899504
0.899628
0.899752
0.899876
0.900000
0.900124
0.900248
0.900372
0.900496
0.900620
0.900743
0.900867
0.900867
0.900867
0.900867
0.900867
0.900867
0.900867
0.900867
0.900867
0.900867
0.900867
0.900867
0.900867
0.900867
0.900867
0.900867
0.900867
0.900867
0.900867
0.900867
0.900867
0.900867
0.900867
0.900867
0.900867
0.900867
0.900867
0.900867
0.900867
0.900867
0.900867
0.900867
0.900991
0.901115
0.901239
0.901363
0.901487
0.901611
0.901735
0.901859
0.901983
0.902107
0.902230
0.902354
0.902478
0.902602
0.902726
0.902850
0.902974
0.903098
0.903222
0.903346
0.903470
0.903594
0.903717
0.903841
0.903965
0.904089
0.904213
0.904337
0.904461
0.904585
0.904709
0.904833
0.904957
0.905081
0.905204
0.905328
0.905452
0.905576
0.905700
0.905824
0.905948
0.906072
0.906196
0.906320
0.906444
0.906568
0.906691
0.906815
0.906939
0.907063
0.907187
0.907311
0.907435
0.907559
0.907683
0.907807
0.907931
0.907931
0.907931
0.907931
0.907931
0.907931
0.907931
0.907931
0.907931
0.907931
0.907931
0.907931
0.907931
0.907931
0.907931
0.907931
0.907931
0.907931
0.907931
0.907931
0.907931
0.907931
0.907931
0.907931
0.907931
0.907931
0.907931
0.907931
0.907931
0.907931
0.907931
0.907931
0.907931
0.907931
0.907931
0.907931
0.907931
0.907931
0.907931
0.907931
0.907931
0.907931
0.907931
0.907931
0.907931
0.907931
0.907931
0.907931
0.907931
0.907931
0.907931
0.907931
0.907931
0.907931
0.907931
0.908055
0.908178
0.908302
0.908426
0.908550
0.908674
0.908798
0.908922
0.909046
0.909170
0.909294
0.909418
0.909542
0.909665
0.909789
0.909913
0.910037
0.910161
0.910285
0.910409
0.910533
0.910657
0.910781
0.910905
0.911029
0.911152
0.911276
0.911400
0.911524
0.911648
0.911772
0.911896
0.912020
0.912144
0.912268
0.912392
0.912515
0.912639
0.912763
0.912887
0.913011
0.913135
0.913259
0.913383
0.913507
0.913631
0.913755
0.913879
0.914002
0.914126
0.914250
0.914374
0.914498
0.914622
0.914746
0.914870
0.914870
0.914870
0.914870
0.914870
0.914870
0.914870
0.914870
0.914870
0.914870
0.914870
0.914870
0.914870
0.914870
0.914870
0.914870
0.914870
0.914870
0.914870
0.914870
0.914870
0.914870
0.914870
0.914870
0.914870
0.914870
0.914870
0.914870
0.914870
0.914870
0.914870
0.914870
0.914870
0.914870
0.914870
0.914994
0.915118
0.915242
0.915366
0.915489
0.915613
0.915737
0.915861
0.915985
0.916109
0.916233
0.916357
0.916481
0.916605
0.916729
0.916853
0.916976
0.917100
0.917224
0.917348
0.917472
0.917596
0.917720
0.917844
0.917968
0.918092
0.918216
0.918340
0.918463
0.918587
0.918711
0.918835
0.918959
0.919083
0.919207
0.919331
0.919455
0.919579
0.919703
0.919827
0.919950
0.920074
0.920198
0.920322
0.920446
0.920570
0.920694
0.920818
0.920942
0.921066
0.921190
0.921314
0.921437
0.921437
0.921437
0.921437
0.921437
0.921437
0.921437
0.921437
0.921437
0.921437
0.921437
0.921437
0.921437
0.921437
0.921437
0.921437
0.921437
0.921437
0.921437
0.921437
0.921437
0.921437
0.921437
0.921437
0.921437
0.921437
0.921437
0.921437
0.921437
0.921437
0.921437
0.921437
0.921437
0.921437
0.921437
0.921437
0.921437
0.921437
0.921437
0.921437
0.921437
0.921437
0.921437
0.921437
0.921437
0.921437
0.921437
0.921437
0.921437
0.921437
0.921437
0.921437
0.921437
0.921437
0.921437
0.921437
0.921437
0.921437
0.921437
0.921437
0.921437
0.921561
0.921561
0.921685
0.921809
0.921933
0.922057
0.922181
0.922305
0.922429
0.922553
0.922677
0.922800
0.922924
0.923048
0.923172
0.923296
0.923420
0.923544
0.923668
0.923792
0.923916
0.924040
0.924164
0.924287
0.924411
0.924535
0.924659
0.924783
0.924907
0.925031
0.925155
0.925279
0.925403
0.925527
0.925651
0.925774
0.925898
0.926022
0.926146
0.926270
0.926394
0.926518
0.926642
0.926766
0.926890
0.927014
0.927138
0.927261
0.927385
0.927509
0.927633
0.927757
0.927757
0.927757
0.927757
0.927757
0.927757
0.927757
0.927757
0.927757
0.927757
0.927757
0.927757
0.927757
0.927757
0.927757
0.927757
0.927757
0.927757
0.927757
0.927757
0.927757
0.927757
0.927757
0.927757
0.927757
0.927757
0.927757
0.927757
0.927757
0.927757
0.927757
0.927757
0.927757
0.927757
0.927757
0.927757
0.927757
0.927757
0.927881
0.928005
0.928129
0.928253
0.928377
0.928501
0.928625
0.928748
0.928872
0.928996
0.929120
0.929244
0.929368
0.929492
0.929616
0.929740
0.929864
0.929988
0.930112
0.930235
0.930359
0.930483
0.930607
0.930731
0.930855
0.930979
0.931103
0.931227
0.931351
0.931475
0.931599
0.931722
0.931846
0.931970
0.932094
0.932218
0.932342
0.932466
0.932590
0.932714
0.932838
0.932962
0.933086
0.933209
0.933333
0.933457
0.933581
0.933705
0.933705
0.933705
0.933705
0.933705
0.933705
0.933705
0.933705
0.933705
0.933705
0.933705
0.933705
0.933705
0.933705
0.933705
0.933705
0.933705
0.933705
0.933705
0.933705
0.933705
0.933705
0.933705
0.933705
0.933705
0.933705
0.933705
0.933705
0.933705
0.933705
0.933705
0.933705
0.933705
0.933705
0.933705
0.933705
0.933705
0.933705
0.933705
0.933705
0.933705
0.933705
0.933705
0.933705
0.933705
0.933705
0.933705
0.933705
0.933705
0.933705
0.933705
0.933705
0.933705
0.933705
0.933705
0.933705
0.933705
0.933705
0.933705
0.933705
0.933705
0.933705
0.933705
0.933705
0.933705
0.933705
0.933705
0.933829
0.933953
0.934077
0.934201
0.934325
0.934449
0.934572
0.934696
0.934820
0.934944
0.935068
0.935192
0.935316
0.935440
0.935564
0.935688
0.935812
0.935936
0.936059
0.936183
0.936307
0.936431
0.936555
0.936679
0.936803
0.936927
0.937051
0.937175
0.937299
0.937423
0.937546
0.937670
0.937794
0.937918
0.938042
0.938166
0.938290
0.938414
0.938538
0.938662
0.938786
0.938910
0.939033
0.939157
0.939281
0.939405
0.939529
0.939653
0.939653
0.939653
0.939653
0.939653
0.939653
0.939653
0.939653
0.939653
0.939653
0.939653
0.939653
0.939653
0.939653
0.939653
0.939653
0.939653
0.939653
0.939653
0.939653
0.939653
0.939653
0.939653
0.939653
0.939653
0.939653
0.939653
0.939653
0.939653
0.939653
0.939653
0.939653
0.939653
0.939653
0.939653
0.939653
0.939653
0.939653
0.939653
0.939653
0.939777
0.939901
0.940025
0.940149
0.940273
0.940397
0.940520
0.940644
0.940768
0.940892
0.941016
0.941140
0.941264
0.941388
0.941512
0.941636
0.941760
0.941884
0.942007
0.942131
0.942255
0.942379
0.942503
0.942627
0.942751
0.942875
0.942999
0.943123
0.943247
0.943371
0.943494
0.943618
0.943742
0.943866
0.943990
0.944114
0.944238
0.944362
0.944486
0.944610
0.944734
0.944857
0.944981
0.945105
0.945229
0.945353
0.945353
0.945353
0.945353
0.945353
0.945353
0.945353
0.945353
0.945353
0.945353
0.945353
0.945353
0.945353
0.945353
0.945353
0.945353
0.945353
0.945353
0.945353
0.945353
0.945353
0.945353
0.945353
0.945353
0.945353
0.945353
0.945353
0.945353
0.945353
0.945353
0.945353
0.945353
0.945353
0.945353
0.945353
0.945353
0.945353
0.945353
0.945353
0.945353
0.945353
0.945353
0.945353
0.945353
0.945353
0.945353
0.945353
0.945353
0.945353
0.945353
0.945353
0.945353
0.945353
0.945353
0.945353
0.945353
0.945353
0.945353
0.945353
0.945353
0.945353
0.945353
0.945353
0.945353
0.945353
0.945353
0.945353
0.945353
0.945353
0.945353
0.945353
0.945353
0.945477
0.945601
0.945725
0.945849
0.945973
0.946097
0.946221
0.946344
0.946468
0.946592
0.946716
0.946840
0.946964
0.947088
0.947212
0.947336
0.947460
0.947584
0.947708
0.947831
0.947955
0.948079
0.948203
0.948327
0.948451
0.948575
0.948699
0.948823
0.948947
0.949071
0.949195
0.949318
0.949442
0.949566
0.949690
0.949814
0.949938
0.950062
0.950186
0.950310
0.950434
0.950558
0.950558
0.950929
0.950929
0.950929
0.950929
0.950929
0.950929
0.950929
0.950929
0.950929
0.950929
0.950929
0.950929
0.950929
0.950929
0.950929
0.950929
0.950929
0.950929
0.950929
0.950929
0.950929
0.950929
0.950929
0.950929
0.950929
0.950929
0.950929
0.950929
0.950929
0.950929
0.950929
0.950929
0.950929
0.950929
0.950929
0.950929
0.950929
0.950929
0.950929
0.950929
0.950929
0.951053
0.951177
0.951301
0.951425
0.951549
0.951673
0.951797
0.951921
0.952045
0.952169
0.952292
0.952416
0.952540
0.952664
0.952788
0.952912
0.953036
0.953160
0.953284
0.953408
0.953532
0.953656
0.953779
0.953903
0.954027
0.954151
0.954275
0.954399
0.954523
0.954647
0.954771
0.954895
0.955019
0.955143
0.955266
0.955390
0.955514
0.955638
0.955762
0.955762
0.955762
0.955762
0.955762
0.955762
0.955762
0.955762
0.955762
0.955762
0.955762
0.955762
0.955762
0.955762
0.955762
0.955762
0.955762
0.955762
0.955762
0.955762
0.955762
0.955762
0.955762
0.955762
0.955762
0.955762
0.955762
0.955762
0.955762
0.955762
0.955762
0.955762
0.955762
0.955762
0.955762
0.955762
0.955762
0.955762
0.955762
0.955762
0.955762
0.955762
0.955762
0.955762
0.955762
0.955762
0.955762
0.955762
0.955762
0.955762
0.955762
0.955762
0.955762
0.955762
0.955762
0.955762
0.955762
0.955762
0.955762
0.955762
0.955762
0.955762
0.955762
0.955762
0.955762
0.955762
0.955762
0.955762
0.955762
0.955762
0.955762
0.955762
0.955762
0.955762
0.955762
0.955762
0.955762
0.955762
0.955762
0.955762
0.955762
0.955886
0.956010
0.956134
0.956258
0.956382
0.956506
0.956629
0.956753
0.956877
0.957001
0.957125
0.957249
0.957373
0.957497
0.957621
0.957745
0.957869
0.957993
0.958116
0.958240
0.958364
0.958488
0.958612
0.958736
0.958860
0.958984
0.959108
0.959232
0.959356
0.959480
0.959603
0.959727
0.959851
0.959975
0.960099
0.960223
0.960347
0.960471
0.960595
0.960595
0.960595
0.960595
0.960595
0.960595
0.960595
0.960595
0.960595
0.960595
0.960595
0.960595
0.960595
0.960595
0.960595
0.960595
0.960595
0.960595
0.960595
0.960595
0.960595
0.960595
0.960595
0.960595
0.960595
0.960595
0.960595
0.960595
0.960595
0.960595
0.960595
0.960595
0.960595
0.960595
0.960595
0.960595
0.960595
0.960595
0.960595
0.960595
0.960595
0.960595
0.960595
0.960595
0.960595
0.960719
0.960843
0.960967
0.961090
0.961214
0.961338
0.961462
0.961586
0.961710
0.961834
0.961958
0.962082
0.962206
0.962330
0.962454
0.962577
0.962701
0.962825
0.962949
0.963073
0.963197
0.963321
0.963445
0.963569
0.963693
0.963817
0.963941
0.964064
0.964188
0.964312
0.964436
0.964560
0.964684
0.964808
0.964932
0.965056
0.965056
0.965056
0.965056
0.965056
0.965056
0.965056
0.965056
0.965056
0.965056
0.965056
0.965056
0.965056
0.965056
0.965056
0.965056
0.965056
0.965056
0.965056
0.965056
0.965056
0.965056
0.965056
0.965056
0.965056
0.965056
0.965056
0.965056
0.965056
0.965056
0.965056
0.965056
0.965056
0.965056
0.965056
0.965056
0.965056
0.965056
0.965056
0.965056
0.965056
0.965056
0.965056
0.965056
0.965056
0.965056
0.965056
0.965056
0.965056
0.965056
0.965056
0.965056
0.965056
0.965056
0.965056
0.965056
0.965056
0.965056
0.965056
0.965056
0.965056
0.965056
0.965056
0.965056
0.965056
0.965056
0.965056
0.965056
0.965056
0.965056
0.965056
0.965056
0.965056
0.965056
0.965056
0.965056
0.965056
0.965056
0.965056
0.965056
0.965056
0.965056
0.965056
0.965056
0.965180
0.965304
0.965428
0.965551
0.965675
0.965799
0.965923
0.966047
0.966171
0.966295
0.966419
0.966543
0.966667
0.966791
0.966914
0.967038
0.967162
0.967286
0.967410
0.967534
0.967658
0.967782
0.967906
0.968030
0.968154
0.968278
0.968401
0.968525
0.968649
0.968773
0.968897
0.969021
0.969145
0.969269
0.969269
0.969269
0.969269
0.969269
0.969269
0.969269
0.969269
0.969269
0.969269
0.969269
0.969269
0.969269
0.969269
0.969269
0.969269
0.969269
0.969269
0.969269
0.969269
0.969269
0.969269
0.969269
0.969269
0.969269
0.969269
0.969269
0.969269
0.969269
0.969269
0.969269
0.969269
0.969269
0.969269
0.969269
0.969269
0.969269
0.969269
0.969269
0.969269
0.969269
0.969269
0.969269
0.969269
0.969269
0.969269
0.969269
0.969269
0.969269
0.969393
0.969517
0.969641
0.969765
0.969888
0.970012
0.970136
0.970260
0.970384
0.970508
0.970632
0.970756
0.970880
0.971004
0.971128
0.971252
0.971375
0.971499
0.971623
0.971747
0.971871
0.971995
0.972119
0.972243
0.972367
0.972491
0.972615
0.972739
0.972862
0.972986
0.973110
0.973234
0.973234
0.973234
0.973234
0.973234
0.973234
0.973234
0.973234
0.973234
0.973234
0.973234
0.973234
0.973234
0.973234
0.973234
0.973234
0.973234
0.973234
0.973234
0.973234
0.973234
0.973234
0.973234
0.973234
0.973234
0.973234
0.973234
0.973234
0.973234
0.973234
0.973234
0.973234
0.973234
0.973234
0.973234
0.973234
0.973234
0.973234
0.973234
0.973234
0.973234
0.973234
0.973234
0.973234
0.973234
0.973234
0.973234
0.973234
0.973234
0.973234
0.973234
0.973234
0.973234
0.973234
0.973234
0.973234
0.973234
0.973234
0.973234
0.973234
0.973234
0.973234
0.973234
0.973234
0.973234
0.973234
0.973234
0.973234
0.973234
0.973234
0.973234
0.973234
0.973234
0.973234
0.973234
0.973234
0.973234
0.973234
0.973234
0.973234
0.973234
0.973234
0.973234
0.973234
0.973234
0.973234
0.973234
0.973234
0.973234
0.973234
0.973234
0.973358
0.973482
0.973606
0.973730
0.973854
0.973978
0.974102
0.974226
0.974349
0.974473
0.974597
0.974721
0.974845
0.974969
0.975093
0.975217
0.975341
0.975465
0.975589
0.975713
0.975836
0.975960
0.976084
0.976208
0.976332
0.976456
0.976580
0.976704
0.976828
0.976828
0.976828
0.976828
0.976828
0.976828
0.976828
0.976828
0.976828
0.976828
0.976828
0.976828
0.976828
0.976828
0.976828
0.976828
0.976828
0.976828
0.976828
0.976828
0.976828
0.976828
0.976828
0.976828
0.976828
0.976828
0.976828
0.976828
0.976828
0.976828
0.976828
0.976828
0.976828
0.976828
0.976828
0.976828
0.976828
0.976828
0.976828
0.976828
0.976828
0.976828
0.976828
0.976828
0.976828
0.976828
0.976828
0.976828
0.976828
0.976828
0.976828
0.976952
0.977076
0.977200
0.977323
0.977447
0.977571
0.977695
0.977819
0.977943
0.978067
0.978191
0.978315
0.978439
0.978563
0.978686
0.978810
0.978934
0.979058
0.979182
0.979306
0.979430
0.979554
0.979678
0.979802
0.979926
0.980050
0.980173
0.980297
0.980297
0.980421
0.980421
0.980421
0.980421
0.980421
0.980421
0.980421
0.980421
0.980421
0.980421
0.980421
0.980421
0.980421
0.980421
0.980421
0.980421
0.980421
0.980421
0.980421
0.980421
0.980421
0.980421
0.980421
0.980421
0.980421
0.980421
0.980421
0.980421
0.980421
0.980421
0.980421
0.980421
0.980421
0.980421
0.980421
0.980421
0.980421
0.980421
0.980421
0.980421
0.980421
0.980421
0.980421
0.980421
0.980421
0.980421
0.980421
0.980421
0.980421
0.980421
0.980421
0.980421
0.980421
0.980421
0.980421
0.980421
0.980421
0.980421
0.980421
0.980421
0.980421
0.980421
0.980421
0.980421
0.980421
0.980421
0.980421
0.980421
0.980421
0.980421
0.980421
0.980421
0.980421
0.980421
0.980421
0.980421
0.980421
0.980421
0.980421
0.980421
0.980421
0.980421
0.980421
0.980421
0.980421
0.980421
0.980421
0.980421
0.980421
0.980421
0.980421
0.980421
0.980421
0.980421
0.980421
0.980545
0.980669
0.980793
0.980917
0.981041
0.981165
0.981289
0.981413
0.981537
0.981660
0.981784
0.981908
0.982032
0.982156
0.982280
0.982404
0.982528
0.982652
0.982776
0.982900
0.983024
0.983147
0.983271
0.983395
0.983519
0.983519
0.983519
0.983519
0.983519
0.983519
0.983519
0.983519
0.983519
0.983519
0.983519
0.983519
0.983519
0.983519
0.983519
0.983519
0.983519
0.983519
0.983519
0.983519
0.983519
0.983519
0.983519
0.983519
0.983519
0.983519
0.983519
0.983519
0.983519
0.983519
0.983519
0.983519
0.983519
0.983519
0.983519
0.983519
0.983519
0.983519
0.983519
0.983519
0.983519
0.983519
0.983519
0.983519
0.983519
0.983519
0.983519
0.983519
0.983519
0.983519
0.983519
0.983519
0.983519
0.983519
0.983643
0.983767
0.983891
0.984015
0.984139
0.984263
0.984387
0.984511
0.984634
0.984758
0.984882
0.985006
0.985130
0.985254
0.985378
0.985502
0.985626
0.985750
0.985874
0.985998
0.986121
0.986245
0.986369
0.986369
0.986369
0.986369
0.986369
0.986369
0.986369
0.986369
0.986369
0.986369
0.986369
0.986369
0.986369
0.986369
0.986369
0.986369
0.986369
0.986369
0.986369
0.986369
0.986369
0.986369
0.986369
0.986369
0.986369
0.986369
0.986369
0.986369
0.986369
0.986369
0.986369
0.986369
0.986369
0.986369
0.986369
0.986369
0.986369
0.986369
0.986369
0.986369
0.986369
0.986369
0.986369
0.986369
0.986369
0.986369
0.986369
0.986369
0.986369
0.986369
0.986369
0.986369
0.986369
0.986369
0.986369
0.986369
0.986369
0.986369
0.986369
0.986369
0.986369
0.986369
0.986369
0.986369
0.986369
0.986369
0.986369
0.986369
0.986369
0.986369
0.986369
0.986369
0.986369
0.986369
0.986369
0.986369
0.986369
0.986369
0.986369
0.986369
0.986369
0.986369
0.986369
0.986369
0.986369
0.986369
0.986369
0.986369
0.986369
0.986369
0.986369
0.986369
0.986369
0.986369
0.986369
0.986369
0.986369
0.986369
0.986369
0.986369
0.986369
0.986369
0.986369
0.986493
0.986617
0.986741
0.986865
0.986989
0.987113
0.987237
0.987361
0.987485
0.987608
0.987732
0.987856
0.987980
0.988104
0.988228
0.988352
0.988476
0.988600
0.988724
0.988848
0.988848
0.988848
0.988848
0.988848
0.988848
0.988848
0.988848
0.988848
0.988848
0.988848
0.988848
0.988848
0.988848
0.988848
0.988848
0.988848
0.988848
0.988848
0.988848
0.988848
0.988848
0.988848
0.988848
0.988848
0.988848
0.988848
0.988848
0.988848
0.988848
0.988848
0.988848
0.988848
0.988848
0.988848
0.988848
0.988848
0.988848
0.988848
0.988848
0.988848
0.988848
0.988848
0.988848
0.988848
0.988848
0.988848
0.988848
0.988848
0.988848
0.988848
0.988848
0.988848
0.988848
0.988848
0.988848
0.988848
0.988848
0.988971
0.989095
0.989219
0.989343
0.989467
0.989591
0.989715
0.989839
0.989963
0.990087
0.990211
0.990335
0.990458
0.990582
0.990706
0.990830
0.990954
0.991078
0.991202
0.991202
0.991202
0.991202
0.991202
0.991202
0.991202
0.991202
0.991202
0.991202
0.991202
0.991202
0.991202
0.991202
0.991202
0.991202
0.991202
0.991202
0.991202
0.991202
0.991202
0.991202
0.991202
0.991202
0.991202
0.991202
0.991202
0.991202
0.991202
0.991202
0.991202
0.991202
0.991202
0.991202
0.991202
0.991202
0.991202
0.991202
0.991202
0.991202
0.991202
0.991202
0.991202
0.991202
0.991202
0.991202
0.991202
0.991202
0.991202
0.991202
0.991202
0.991202
0.991202
0.991202
0.991202
0.991202
0.991202
0.991202
0.991202
0.991202
0.991202
0.991202
0.991202
0.991202
0.991202
0.991202
0.991202
0.991202
0.991202
0.991202
0.991202
0.991202
0.991202
0.991202
0.991202
0.991202
0.991202
0.991202
0.991202
0.991202
0.991202
0.991202
0.991202
0.991202
0.991202
0.991202
0.991202
0.991202
0.991202
0.991202
0.991202
0.991202
0.991202
0.991202
0.991202
0.991202
0.991202
0.991202
0.991202
0.991202
0.991202
0.991202
0.991202
0.991202
0.991202
0.991202
0.991202
0.991202
0.991326
0.991450
0.991574
0.991698
0.991822
0.991945
0.992069
0.992193
0.992317
0.992441
0.992565
0.992689
0.992813
0.992937
0.993061
0.993185
0.993185
0.993185
0.993185
0.993185
0.993185
0.993185
0.993185
0.993185
0.993185
0.993185
0.993185
0.993185
0.993185
0.993185
0.993185
0.993185
0.993185
0.993185
0.993185
0.993185
0.993185
0.993185
0.993185
0.993185
0.993185
0.993185
0.993185
0.993185
0.993185
0.993185
0.993185
0.993185
0.993185
0.993185
0.993185
0.993185
0.993185
0.993185
0.993185
0.993185
0.993185
0.993185
0.993185
0.993185
0.993185
0.993185
0.993185
0.993185
0.993185
0.993185
0.993185
0.993185
0.993185
0.993185
0.993185
0.993185
0.993185
0.993185
0.993185
0.993309
0.993432
0.993556
0.993680
0.993804
0.993928
0.994052
0.994176
0.994300
0.994424
0.994548
0.994672
0.994796
0.994919
0.994919
0.994919
0.994919
0.994919
0.994919
0.994919
0.994919
0.994919
0.994919
0.994919
0.994919
0.994919
0.994919
0.994919
0.994919
0.994919
0.994919
0.994919
0.994919
0.994919
0.994919
0.994919
0.994919
0.994919
0.994919
0.994919
0.994919
0.994919
0.994919
0.994919
0.994919
0.994919
0.994919
0.994919
0.994919
0.994919
0.994919
0.994919
0.994919
0.994919
0.994919
0.994919
0.994919
0.994919
0.994919
0.994919
0.994919
0.994919
0.994919
0.994919
0.994919
0.994919
0.994919
0.994919
0.994919
0.994919
0.994919
0.994919
0.994919
0.994919
0.994919
0.994919
0.994919
0.994919
0.994919
0.994919
0.994919
0.994919
0.994919
0.994919
0.994919
0.994919
0.994919
0.994919
0.994919
0.994919
0.994919
0.994919
0.994919
0.994919
0.994919
0.994919
0.994919
0.994919
0.994919
0.994919
0.994919
0.994919
0.994919
0.994919
0.994919
0.994919
0.994919
0.994919
0.994919
0.994919
0.994919
0.994919
0.994919
0.994919
0.994919
0.994919
0.994919
0.994919
0.994919
0.994919
0.994919
0.994919
0.994919
0.994919
0.994919
0.994919
0.994919
0.995043
0.995167
0.995291
0.995415
0.995539
0.995663
0.995787
0.995911
0.996035
0.996159
0.996283
0.996406
0.996530
0.996530
0.996530
0.996530
0.996530
0.996530
0.996530
0.996530
0.996530
0.996530
0.996530
0.996530
0.996530
0.996530
0.996530
0.996530
0.996530
0.996530
0.996530
0.996530
0.996530
0.996530
0.996530
0.996530
0.996530
0.996530
0.996530
0.996530
0.996530
0.996530
0.996530
0.996530
0.996530
0.996530
0.996530
0.996530
0.996530
0.996530
0.996530
0.996530
0.996530
0.996530
0.996530
0.996530
0.996530
0.996530
0.996530
0.996530
0.996530
0.996530
0.996530
0.996530
0.996530
0.996530
0.996530
0.996530
0.996530
0.996530
0.996530
0.996530
0.996530
0.996530
0.996654
0.996778
0.996902
0.997026
0.997150
0.997274
0.997398
0.997522
0.997646
0.997770
0.997893
0.997893
0.997893
0.997893
0.997893
0.997893
0.997893
0.997893
0.997893
0.997893
0.997893
0.997893
0.997893
0.997893
0.997893
0.997893
0.997893
0.997893
0.997893
0.997893
0.997893
0.997893
0.997893
0.997893
0.997893
0.997893
0.997893
0.997893
0.997893
0.997893
0.997893
0.997893
0.997893
0.997893
0.997893
0.997893
0.997893
0.997893
0.997893
0.997893
0.997893
0.997893
0.997893
0.997893
0.997893
0.997893
0.997893
0.997893
0.997893
0.997893
0.997893
0.997893
0.997893
0.997893
0.997893
0.997893
0.997893
0.997893
0.997893
0.997893
0.997893
0.997893
0.997893
0.997893
0.997893
0.997893
0.997893
0.997893
0.997893
0.997893
0.997893
0.997893
0.997893
0.997893
0.997893
0.997893
0.997893
0.997893
0.997893
0.997893
0.997893
0.997893
0.997893
0.997893
0.997893
0.997893
0.997893
0.997893
0.997893
0.997893
0.997893
0.997893
0.997893
0.997893
0.997893
0.997893
0.997893
0.997893
0.997893
0.997893
0.997893
0.997893
0.997893
0.997893
0.997893
0.997893
0.997893
0.997893
0.997893
0.997893
0.997893
0.997893
0.997893
0.997893
0.997893
0.997893
0.997893
0.997893
0.997893
0.998017
0.998141
0.998265
0.998389
0.998513
0.998637
0.998761
0.998885
0.998885
0.998885
0.998885
0.998885
0.998885
0.998885
0.998885
0.998885
0.998885
0.998885
0.998885
0.998885
0.998885
0.998885
0.998885
0.998885
0.998885
0.998885
0.998885
0.998885
0.998885
0.998885
0.998885
0.998885
0.998885
0.998885
0.998885
0.998885
0.998885
0.998885
0.998885
0.998885
0.998885
0.998885
0.998885
0.998885
0.998885
0.998885
0.998885
0.998885
0.998885
0.998885
0.998885
0.998885
0.998885
0.998885
0.998885
0.998885
0.998885
0.998885
0.998885
0.998885
0.998885
0.998885
0.998885
0.998885
0.998885
0.998885
0.998885
0.998885
0.998885
0.998885
0.998885
0.998885
0.998885
0.999009
0.999133
0.999257
0.999257
0.999257
0.999257
0.999257
0.999257
0.999257
0.999257
0.999257
0.999257
0.999257
0.999257
0.999257
0.999257
0.999257
0.999257
0.999257
0.999257
0.999257
0.999257
0.999257
0.999257
0.999257
0.999257
0.999257
0.999257
0.999257
0.999257
0.999257
0.999257
0.999257
0.999257
0.999257
0.999257
0.999257
0.999257
0.999257
0.999257
0.999257
0.999257
0.999257
0.999257
0.999257
0.999257
0.999257
0.999257
0.999257
0.999257
0.999257
0.999257
0.999257
0.999257
0.999257
0.999257
0.999257
0.999257
0.999257
0.999257
0.999257
0.999257
0.999257
0.999257
0.999257
0.999257
0.999257
0.999257
0.999257
0.999257
0.999257
0.999257
0.999257
0.999257
0.999257
0.999257
0.999257
0.999257
0.999257
0.999257
0.999257
0.999257
0.999257
0.999257
0.999257
0.999257
0.999257
0.999257
0.999257
0.999257
0.999257
0.999257
0.999257
0.999257
0.999257
0.999257
0.999257
0.999257
0.999257
0.999257
0.999257
0.999257
0.999257
0.999257
0.999257
0.999257
0.999257
0.999257
0.999257
0.999257
0.999257
0.999257
0.999257
0.999257
0.999257
0.999257
0.999257
0.999257
0.999257
0.999257
0.999257
0.999257
0.999257
0.999257
0.999257
0.999257
0.999257
0.999257
0.999257
0.999257
0.999380
0.999504
0.999628
0.999752
0.999752
0.999876
0.999876
0.999876
0.999876
0.999876
0.999876
0.999876
0.999876
0.999876
0.999876
0.999876
0.999876
0.999876
0.999876
0.999876
0.999876
0.999876
0.999876
0.999876
0.999876
0.999876
0.999876
0.999876
0.999876
0.999876
0.999876
0.999876
0.999876
0.999876
0.999876
0.999876
0.999876
0.999876
0.999876
0.999876
0.999876
0.999876
0.999876
0.999876
0.999876
0.999876
0.999876
0.999876
0.999876
0.999876
0.999876
0.999876
0.999876
0.999876
0.999876
0.999876
0.999876
0.999876
0.999876
0.999876
0.999876
0.999876
0.999876
0.999876
0.999876
0.999876
0.999876
0.999876
0.999876
0.999876
0.999876
0.999876
0.999876
0.999876
0.999876
0.999876
0.999876
0.999876
0.999876
0.999876
0.999876
0.999876
0.999876
0.999876
0.999876
0.999876
0.999876
0.999876
0.999876
0.999876
0.999876
0.999876
0.999876
0.999876
0.999876
0.999876
0.999876
0.999876
0.999876
0.999876
0.999876
0.999876
0.999876
0.999876
0.999876
0.999876
0.999876
0.999876
0.999876
0.999876
0.999876
0.999876
0.999876
0.999876
0.999876
0.999876
0.999876
0.999876
0.999876
0.999876
0.999876
0.999876
0.999876
0.999876
0.999876
0.999876
0.999876
0.999876
0.999876
0.999876
0.999876
0.999876
0.999876
0.999876
0.999876
0.999876
0.999876
0.999876
0.999876
0.999876
0.999876
0.999876
0.999876
0.999876
0.999876
0.999876
0.999876
0.999876
0.999876
0.999876
0.999876
0.999876
0.999876
0.999876
0.999876
0.999876
0.999876
0.999876
0.999876
0.999876
0.999876
0.999876
0.999876
0.999876
0.999876
0.999876
0.999876
0.999876
0.999876
0.999876
0.999876
0.999876
0.999876
0.999876
0.999876
0.999876
0.999876
0.999876
0.999876
0.999876
0.999876
0.999876
0.999876
0.999876
0.999876
0.999876
0.999876
0.999876
0.999876
0.999876
0.999876
0.999876
0.999876
0.999876
0.999876
0.999876
0.999876
0.999876
0.999876
1.000000
1.000000
1.000000
1.000000
1.000000
1.000000
1.000000
1.000000
1.000000
1.000000
1.000000
1.000000
1.000000
1.000000
1.000000
1.000000
1.000000
1.000000
1.000000
1.000000
1.000000
1.000000
1.000000
1.000000
1.000000
1.000000
1.000000
1.000000
1.000000
1.000000
1.000000
1.000000
1.000000
1.000000
1.000000
1.000000
1.000000
1.000000
